 #  Year Month Day Hour Minute Second VelX VelY VelZ SNR1 SNR2 SNR3 
 ()    () ()  ()   ()   ()   ()  (ft/s) (ft/s) (ft/s) (dB) (dB) (dB)
  1 2018 05 23 15 43 49  0.4921  0.1670  0.0000  27.1  25.4   0.0 
  1 2018 05 23 15 43 50  0.4173  0.1381  0.0000  30.1  27.5   0.0 
  1 2018 05 23 15 43 51  0.4012  0.0167  0.0000  29.2  27.9   0.0 
  1 2018 05 23 15 43 52  0.4600  0.0755  0.0000  31.0  28.4   0.0 
  1 2018 05 23 15 43 53  0.2684  0.1145  0.0000  30.1  29.2   0.0 
  1 2018 05 23 15 43 54  0.4213  0.1362  0.0000  30.5  27.9   0.0 
  1 2018 05 23 15 43 55  0.3225  0.1017  0.0000  29.7  27.9   0.0 
  1 2018 05 23 15 43 56  0.3481  0.1667  0.0000  28.8  29.2   0.0 
  1 2018 05 23 15 43 57  0.4357  0.0505  0.0000  30.5  27.1   0.0 
  1 2018 05 23 15 43 58  0.4390  0.2054  0.0000  28.8  27.9   0.0 
  1 2018 05 23 15 43 59  0.3881  0.1040  0.0000  28.8  27.9   0.0 
  1 2018 05 23 15 44 00  0.4629  0.0719  0.0000  29.2  27.5   0.0 
  1 2018 05 23 15 44 01  0.4711  0.1030  0.0000  29.7  28.4   0.0 
  1 2018 05 23 15 44 02  0.3566  0.0246  0.0000  29.7  28.4   0.0 
  1 2018 05 23 15 44 03  0.3593  0.1558  0.0000  28.8  27.1   0.0 
  1 2018 05 23 15 44 04  0.5463  0.3002  0.0000  33.5  31.0   0.0 
  1 2018 05 23 15 44 05  0.4446  0.1188  0.0000  30.5  29.2   0.0 
  1 2018 05 23 15 44 06  0.4698  0.1033  0.0000  29.2  27.9   0.0 
  1 2018 05 23 15 44 07  0.3422  0.1414  0.0000  28.4  26.7   0.0 
  1 2018 05 23 15 44 08  0.4534  0.2247  0.0000  29.2  28.4   0.0 
  1 2018 05 23 15 44 09  0.4800  0.0623  0.0000  29.7  28.8   0.0 
  1 2018 05 23 15 44 10  0.5085  0.1250  0.0000  29.2  28.8   0.0 
  1 2018 05 23 15 44 11  0.4652  0.0925  0.0000  30.5  30.1   0.0 
  1 2018 05 23 15 44 12  0.4475  0.0699  0.0000  29.2  26.2   0.0 
  1 2018 05 23 15 44 13  0.4649  0.1644  0.0000  31.0  28.4   0.0 
  1 2018 05 23 15 44 14  0.3999  0.1332  0.0000  29.2  27.5   0.0 
  1 2018 05 23 15 44 15  0.3054  0.1775  0.0000  31.4  28.4   0.0 
  1 2018 05 23 15 44 16  0.4610  0.1690  0.0000  27.1  25.8   0.0 
  1 2018 05 23 15 44 17  0.6135  0.2093  0.0000  28.4  27.9   0.0 
  1 2018 05 23 15 44 18  0.4764  0.0394  0.0000  30.1  29.2   0.0 
  1 2018 05 23 15 44 19  0.4501  0.0597  0.0000  28.8  27.9   0.0 
  1 2018 05 23 15 44 20  0.5180  0.0663  0.0000  28.8  27.1   0.0 
  1 2018 05 23 15 44 21  0.2746 -0.0279  0.0000  27.9  26.2   0.0 
  1 2018 05 23 15 44 22  0.5164  0.0978  0.0000  29.7  29.2   0.0 
  1 2018 05 23 15 44 23  0.4793  0.0833  0.0000  27.9  25.4   0.0 
  1 2018 05 23 15 44 24  0.5003  0.1207  0.0000  28.8  28.4   0.0 
  1 2018 05 23 15 44 25  0.4216  0.0476  0.0000  28.8  26.7   0.0 
  1 2018 05 23 15 44 26  0.3547  0.2799  0.0000  29.7  27.9   0.0 
  1 2018 05 23 15 44 27  0.3973  0.1657  0.0000  28.8  27.5   0.0 
  1 2018 05 23 15 44 28  0.3881  0.0840  0.0000  30.1  27.9   0.0 
  2 2018 05 23 15 45 39  1.5157 -0.0659  0.0000  27.9  27.5   0.0 
  2 2018 05 23 15 45 40  1.2474  0.1171  0.0000  27.5  26.7   0.0 
  2 2018 05 23 15 45 41  1.6496  0.0203  0.0000  27.9  26.2   0.0 
  2 2018 05 23 15 45 42  1.5942 -0.1171  0.0000  27.9  26.2   0.0 
  2 2018 05 23 15 45 43  1.0459  0.3140  0.0000  28.8  24.9   0.0 
  2 2018 05 23 15 45 44  1.2936 -0.0502  0.0000  30.1  27.5   0.0 
  2 2018 05 23 15 45 45  1.2359  0.3606  0.0000  30.1  29.7   0.0 
  2 2018 05 23 15 45 46  1.2575  0.2142  0.0000  28.8  27.5   0.0 
  2 2018 05 23 15 45 47  1.5686 -0.1709  0.0000  27.9  26.7   0.0 
  2 2018 05 23 15 45 48  1.6299 -0.0801  0.0000  28.4  27.5   0.0 
  2 2018 05 23 15 45 49  1.3891 -0.3176  0.0000  28.4  26.7   0.0 
  2 2018 05 23 15 45 50  1.1083  0.4852  0.0000  28.8  26.2   0.0 
  2 2018 05 23 15 45 51  1.2982 -0.0646  0.0000  28.8  27.1   0.0 
  2 2018 05 23 15 45 52  1.2740 -0.1234  0.0000  27.9  28.4   0.0 
  2 2018 05 23 15 45 53  1.0663 -0.1775  0.0000  30.5  29.2   0.0 
  2 2018 05 23 15 45 54  1.4613  0.1811  0.0000  30.1  27.5   0.0 
  2 2018 05 23 15 45 55  1.2333 -0.1204  0.0000  29.2  27.5   0.0 
  2 2018 05 23 15 45 56  1.2224 -0.2178  0.0000  29.7  27.1   0.0 
  2 2018 05 23 15 45 57  0.6696 -0.0863  0.0000  31.0  29.7   0.0 
  2 2018 05 23 15 45 58  1.2461  0.0052  0.0000  28.4  27.5   0.0 
  2 2018 05 23 15 45 59  1.5177  0.3054  0.0000  29.7  27.1   0.0 
  2 2018 05 23 15 46 00  1.1827 -0.1106  0.0000  27.9  27.9   0.0 
  2 2018 05 23 15 46 01  0.8297  0.0843  0.0000  29.2  27.9   0.0 
  2 2018 05 23 15 46 02  0.7933 -0.0787  0.0000  28.4  27.1   0.0 
  2 2018 05 23 15 46 03  1.5285  0.0148  0.0000  29.7  27.9   0.0 
  2 2018 05 23 15 46 04  1.1398  0.2710  0.0000  29.2  27.1   0.0 
  2 2018 05 23 15 46 05  1.0262  0.0935  0.0000  31.0  28.8   0.0 
  2 2018 05 23 15 46 06  1.3035 -0.4491  0.0000  29.7  26.2   0.0 
  2 2018 05 23 15 46 07  1.3983 -0.1243  0.0000  27.5  27.1   0.0 
  2 2018 05 23 15 46 08  1.1650 -0.1148  0.0000  28.8  27.1   0.0 
  2 2018 05 23 15 46 09  1.2907 -0.0203  0.0000  28.8  27.5   0.0 
  2 2018 05 23 15 46 10  1.1778  0.3625  0.0000  29.7  25.8   0.0 
  2 2018 05 23 15 46 11  1.2480  0.0315  0.0000  26.7  26.2   0.0 
  2 2018 05 23 15 46 12  0.7595  0.0312  0.0000  31.4  29.2   0.0 
  2 2018 05 23 15 46 13  0.9281  0.1995  0.0000  27.5  25.8   0.0 
  2 2018 05 23 15 46 14  1.1401  0.0640  0.0000  28.8  28.4   0.0 
  2 2018 05 23 15 46 15  0.9360  0.0587  0.0000  28.8  26.7   0.0 
  2 2018 05 23 15 46 16  1.6381 -0.0030  0.0000  26.7  25.8   0.0 
  2 2018 05 23 15 46 17  0.9885  0.0587  0.0000  27.9  27.5   0.0 
  2 2018 05 23 15 46 18  1.0279  0.2087  0.0000  28.4  26.7   0.0 
  3 2018 05 23 15 46 41  1.9157  0.0689  0.0000  26.2  24.9   0.0 
  3 2018 05 23 15 46 42  1.8976 -0.0469  0.0000  28.8  25.4   0.0 
  3 2018 05 23 15 46 43  1.6909 -0.1870  0.0000  26.7  24.5   0.0 
  3 2018 05 23 15 46 44  0.7490  0.5138  0.0000  26.7  25.8   0.0 
  3 2018 05 23 15 46 45  2.2142 -0.0935  0.0000  27.1  26.2   0.0 
  3 2018 05 23 15 46 46  1.5771  0.0003  0.0000  27.5  26.2   0.0 
  3 2018 05 23 15 46 47  2.1962  0.0492  0.0000  29.2  26.2   0.0 
  3 2018 05 23 15 46 48  1.4695 -0.0387  0.0000  29.2  27.9   0.0 
  3 2018 05 23 15 46 49  2.1709 -0.5069  0.0000  27.9  25.4   0.0 
  3 2018 05 23 15 46 50  1.2513  0.0108  0.0000  28.4  26.2   0.0 
  3 2018 05 23 15 46 51  2.3156  0.1430  0.0000  28.4  25.4   0.0 
  3 2018 05 23 15 46 52  2.0472  0.2530  0.0000  27.5  25.8   0.0 
  3 2018 05 23 15 46 53  1.9505 -0.1171  0.0000  28.4  24.5   0.0 
  3 2018 05 23 15 46 54  2.0643 -0.1572  0.0000  26.7  24.9   0.0 
  3 2018 05 23 15 46 55  3.5810 -0.3005  0.0000  27.1  26.7   0.0 
  3 2018 05 23 15 46 56  1.6358 -0.0830  0.0000  27.1  25.4   0.0 
  3 2018 05 23 15 46 57  0.2037 -0.1234  0.0000  28.4  25.8   0.0 
  3 2018 05 23 15 46 58  1.8379 -0.0505  0.0000  27.9  25.4   0.0 
  3 2018 05 23 15 46 59  1.4997  0.1781  0.0000  27.5  26.2   0.0 
  3 2018 05 23 15 47 00  1.9603 -0.1857  0.0000  27.9  26.7   0.0 
  3 2018 05 23 15 47 01  2.1430  0.1995  0.0000  29.2  26.2   0.0 
  3 2018 05 23 15 47 02  2.1772  0.4649  0.0000  25.8  24.5   0.0 
  3 2018 05 23 15 47 03  1.0089 -0.1417  0.0000  28.4  27.1   0.0 
  3 2018 05 23 15 47 04  1.8068  0.1916  0.0000  27.1  26.2   0.0 
  3 2018 05 23 15 47 05  1.8556  0.6657  0.0000  27.1  26.7   0.0 
  3 2018 05 23 15 47 06  2.0463  0.1955  0.0000  28.8  26.7   0.0 
  3 2018 05 23 15 47 07  2.5571  0.2060  0.0000  27.1  25.8   0.0 
  3 2018 05 23 15 47 08  1.7470 -0.1040  0.0000  27.9  24.9   0.0 
  3 2018 05 23 15 47 09  1.6138  0.3530  0.0000  27.9  26.2   0.0 
  3 2018 05 23 15 47 10  2.1549  0.2300  0.0000  26.7  25.8   0.0 
  3 2018 05 23 15 47 11  2.2844  0.3698  0.0000  27.1  24.1   0.0 
  3 2018 05 23 15 47 12  2.1939  0.0269  0.0000  28.4  26.7   0.0 
  3 2018 05 23 15 47 13  1.7274  0.1047  0.0000  26.7  24.9   0.0 
  3 2018 05 23 15 47 14  1.7782 -0.2129  0.0000  28.8  25.8   0.0 
  3 2018 05 23 15 47 15  2.3074  0.0515  0.0000  27.9  25.8   0.0 
  3 2018 05 23 15 47 16  1.8245  0.3875  0.0000  27.1  24.9   0.0 
  3 2018 05 23 15 47 17  1.9232  0.1982  0.0000  27.1  25.4   0.0 
  3 2018 05 23 15 47 18  2.0013 -0.0249  0.0000  28.8  24.9   0.0 
  3 2018 05 23 15 47 19  1.4577  0.1217  0.0000  28.4  26.2   0.0 
  3 2018 05 23 15 47 20  1.6257 -0.2559  0.0000  26.7  25.4   0.0 
  4 2018 05 23 15 47 46  2.9311 -0.1368  0.0000  26.2  25.4   0.0 
  4 2018 05 23 15 47 47  2.4439  0.1161  0.0000  26.2  24.9   0.0 
  4 2018 05 23 15 47 48  2.7375  0.1257  0.0000  28.8  25.8   0.0 
  4 2018 05 23 15 47 49  2.2566  0.0745  0.0000  28.4  25.8   0.0 
  4 2018 05 23 15 47 50  2.0682 -0.1184  0.0000  26.7  24.9   0.0 
  4 2018 05 23 15 47 51  1.8576  0.1033  0.0000  26.7  25.4   0.0 
  4 2018 05 23 15 47 52  2.4849  0.0591  0.0000  25.4  23.6   0.0 
  4 2018 05 23 15 47 53  2.0978 -0.0817  0.0000  28.4  25.8   0.0 
  4 2018 05 23 15 47 54  2.9439 -0.0538  0.0000  28.8  25.8   0.0 
  4 2018 05 23 15 47 55  2.0545  0.0938  0.0000  25.8  24.9   0.0 
  4 2018 05 23 15 47 56  2.4252  0.0082  0.0000  27.9  26.2   0.0 
  4 2018 05 23 15 47 57  2.4373 -0.0584  0.0000  26.2  24.9   0.0 
  4 2018 05 23 15 47 58  2.0328 -0.0712  0.0000  27.5  26.2   0.0 
  4 2018 05 23 15 47 59  2.6404 -0.2569  0.0000  27.9  24.9   0.0 
  4 2018 05 23 15 48 00  2.5226 -0.0719  0.0000  27.5  25.8   0.0 
  4 2018 05 23 15 48 01  2.5764  0.0896  0.0000  27.1  23.6   0.0 
  4 2018 05 23 15 48 02  2.2395  0.0505  0.0000  26.7  25.8   0.0 
  4 2018 05 23 15 48 03  2.4619 -0.1444  0.0000  27.5  24.5   0.0 
  4 2018 05 23 15 48 04  1.9928 -0.0591  0.0000  27.1  24.1   0.0 
  4 2018 05 23 15 48 05  0.2178  0.4236  0.0000  27.5  23.6   0.0 
  4 2018 05 23 15 48 06  2.4603  0.1555  0.0000  26.2  25.4   0.0 
  4 2018 05 23 15 48 07  2.3990 -0.3665  0.0000  27.1  24.1   0.0 
  4 2018 05 23 15 48 08  2.2257  0.0121  0.0000  26.2  24.9   0.0 
  4 2018 05 23 15 48 09  2.2552 -0.3097  0.0000  26.2  26.2   0.0 
  4 2018 05 23 15 48 10  3.4921  0.2451  0.0000  25.4  24.5   0.0 
  4 2018 05 23 15 48 11  2.3169 -0.1736  0.0000  27.9  24.1   0.0 
  4 2018 05 23 15 48 12  2.4364 -0.1093  0.0000  27.5  26.7   0.0 
  4 2018 05 23 15 48 13  1.7625  0.2867  0.0000  27.5  25.4   0.0 
  4 2018 05 23 15 48 14  3.1476  0.0089  0.0000  28.4  27.5   0.0 
  4 2018 05 23 15 48 15  2.1201 -0.1329  0.0000  28.4  28.4   0.0 
  4 2018 05 23 15 48 16  2.5548 -0.1066  0.0000  27.1  24.9   0.0 
  4 2018 05 23 15 48 17  2.5476 -0.1749  0.0000  27.5  25.8   0.0 
  4 2018 05 23 15 48 18  2.0978 -0.0367  0.0000  27.1  24.9   0.0 
  4 2018 05 23 15 48 19  2.6532 -0.1457  0.0000  26.7  24.5   0.0 
  4 2018 05 23 15 48 20  2.6549 -0.3333  0.0000  24.9  23.2   0.0 
  4 2018 05 23 15 48 21  2.5207 -0.1129  0.0000  26.7  24.9   0.0 
  4 2018 05 23 15 48 22  1.0318  0.4432  0.0000  26.7  26.7   0.0 
  4 2018 05 23 15 48 23  2.2904 -0.1247  0.0000  26.2  25.4   0.0 
  4 2018 05 23 15 48 24  2.3950 -0.1873  0.0000  27.1  26.2   0.0 
  4 2018 05 23 15 48 25  2.0774 -0.3865  0.0000  29.2  26.7   0.0 
  5 2018 05 23 15 48 52  1.9462  0.0837  0.0000  27.5  25.8   0.0 
  5 2018 05 23 15 48 53  3.2346 -0.1138  0.0000  28.8  25.4   0.0 
  5 2018 05 23 15 48 54  1.9547 -0.1302  0.0000  29.2  26.7   0.0 
  5 2018 05 23 15 48 55  2.2441 -0.3182  0.0000  25.8  24.9   0.0 
  5 2018 05 23 15 48 56  1.4882 -0.3009  0.0000  25.8  25.8   0.0 
  5 2018 05 23 15 48 57  2.2224 -0.4127  0.0000  27.9  26.2   0.0 
  5 2018 05 23 15 48 58  2.0184  0.1519  0.0000  26.7  27.5   0.0 
  5 2018 05 23 15 48 59  1.7726  0.2497  0.0000  28.4  25.8   0.0 
  5 2018 05 23 15 49 00  2.1811  0.1736  0.0000  26.2  26.2   0.0 
  5 2018 05 23 15 49 01  2.1506 -0.1211  0.0000  27.5  26.7   0.0 
  5 2018 05 23 15 49 02  2.3629 -0.0046  0.0000  28.8  27.9   0.0 
  5 2018 05 23 15 49 03  1.3615 -0.2425  0.0000  27.5  26.7   0.0 
  5 2018 05 23 15 49 04  3.3465  0.1106  0.0000  27.1  27.9   0.0 
  5 2018 05 23 15 49 05  3.9111  0.2188  0.0000  24.9  25.4   0.0 
  5 2018 05 23 15 49 06  2.6683 -0.2175  0.0000  27.9  28.4   0.0 
  5 2018 05 23 15 49 07  2.4682 -0.2572  0.0000  30.1  29.7   0.0 
  5 2018 05 23 15 49 08  2.3750 -0.0830  0.0000  27.9  26.7   0.0 
  5 2018 05 23 15 49 09  1.6535  0.2552  0.0000  27.5  27.9   0.0 
  5 2018 05 23 15 49 10  2.4134 -0.0492  0.0000  28.4  27.5   0.0 
  5 2018 05 23 15 49 11  2.1844  0.0463  0.0000  25.8  24.5   0.0 
  5 2018 05 23 15 49 12  1.9636 -0.0344  0.0000  27.9  27.1   0.0 
  5 2018 05 23 15 49 13  2.4081  0.2073  0.0000  27.5  26.7   0.0 
  5 2018 05 23 15 49 14  2.2051  0.4564  0.0000  27.1  25.8   0.0 
  5 2018 05 23 15 49 15  1.9567 -0.0285  0.0000  27.9  27.5   0.0 
  5 2018 05 23 15 49 16  2.6621 -0.2103  0.0000  27.9  27.1   0.0 
  5 2018 05 23 15 49 17  2.0978  0.2257  0.0000  26.7  25.4   0.0 
  5 2018 05 23 15 49 18  2.0794 -0.0738  0.0000  25.4  24.1   0.0 
  5 2018 05 23 15 49 19  2.2415  0.0341  0.0000  27.1  24.9   0.0 
  5 2018 05 23 15 49 20  2.2507  0.0889  0.0000  25.8  26.2   0.0 
  5 2018 05 23 15 49 21  2.7116  0.7106  0.0000  26.7  27.5   0.0 
  5 2018 05 23 15 49 22  1.6407 -0.2320  0.0000  26.7  24.5   0.0 
  5 2018 05 23 15 49 23  2.1772 -0.4124  0.0000  27.5  24.9   0.0 
  5 2018 05 23 15 49 24  2.8698 -0.3855  0.0000  29.2  27.1   0.0 
  5 2018 05 23 15 49 25  2.0853 -0.0896  0.0000  26.7  27.1   0.0 
  5 2018 05 23 15 49 26  2.2940  0.0797  0.0000  26.7  25.4   0.0 
  5 2018 05 23 15 49 27  2.7208 -0.1306  0.0000  26.7  25.4   0.0 
  5 2018 05 23 15 49 28  2.2083 -0.2444  0.0000  27.5  25.4   0.0 
  5 2018 05 23 15 49 29  2.3136 -0.1512  0.0000  28.4  26.7   0.0 
  5 2018 05 23 15 49 30  2.5390  0.6480  0.0000  27.1  25.8   0.0 
  5 2018 05 23 15 49 31  2.0630 -0.0121  0.0000  25.4  24.5   0.0 
  6 2018 05 23 15 49 56  2.9662  0.1309  0.0000  25.8  24.9   0.0 
  6 2018 05 23 15 49 57  2.9491  0.2500  0.0000  27.5  24.5   0.0 
  6 2018 05 23 15 49 58  2.3615  0.3963  0.0000  24.9  24.5   0.0 
  6 2018 05 23 15 49 59  3.3691  0.1601  0.0000  25.8  25.8   0.0 
  6 2018 05 23 15 50 00  2.8255 -1.0374  0.0000  25.8  25.4   0.0 
  6 2018 05 23 15 50 01  2.7802 -0.1283  0.0000  25.4  24.5   0.0 
  6 2018 05 23 15 50 02  2.2431 -0.0010  0.0000  26.2  25.8   0.0 
  6 2018 05 23 15 50 03  0.9147  0.2379  0.0000  27.1  25.8   0.0 
  6 2018 05 23 15 50 04  1.5735 -0.0482  0.0000  25.4  24.9   0.0 
  6 2018 05 23 15 50 05  2.8566 -0.1391  0.0000  26.2  25.4   0.0 
  6 2018 05 23 15 50 06  0.6886  0.1106  0.0000  25.8  26.2   0.0 
  6 2018 05 23 15 50 07  2.7149 -0.0984  0.0000  26.2  23.6   0.0 
  6 2018 05 23 15 50 08  2.7493  0.0226  0.0000  27.9  28.4   0.0 
  6 2018 05 23 15 50 09  2.6161 -0.6043  0.0000  25.4  25.8   0.0 
  6 2018 05 23 15 50 10  2.9377 -0.2874  0.0000  26.2  24.9   0.0 
  6 2018 05 23 15 50 11  2.3425  0.1949  0.0000  25.8  25.8   0.0 
  6 2018 05 23 15 50 12  2.3760  0.7126  0.0000  24.9  23.6   0.0 
  6 2018 05 23 15 50 13  2.0568  0.3323  0.0000  25.8  24.9   0.0 
  6 2018 05 23 15 50 14  2.7014 -0.0768  0.0000  26.2  24.5   0.0 
  6 2018 05 23 15 50 15  2.3012 -0.0679  0.0000  26.2  24.9   0.0 
  6 2018 05 23 15 50 16  1.2963  0.7785  0.0000  25.8  24.9   0.0 
  6 2018 05 23 15 50 17  2.7966  0.1801  0.0000  25.8  24.9   0.0 
  6 2018 05 23 15 50 18  2.8448 -0.1624  0.0000  26.2  25.4   0.0 
  6 2018 05 23 15 50 19  3.0200 -0.1329  0.0000  26.7  25.8   0.0 
  6 2018 05 23 15 50 20  2.6168 -0.3241  0.0000  25.4  23.6   0.0 
  6 2018 05 23 15 50 21  2.5801  0.4472  0.0000  27.1  24.5   0.0 
  6 2018 05 23 15 50 22  2.9380 -0.3150  0.0000  27.1  26.7   0.0 
  6 2018 05 23 15 50 23  2.5607 -0.2562  0.0000  26.2  24.5   0.0 
  6 2018 05 23 15 50 24  2.5322 -0.5374  0.0000  26.7  24.1   0.0 
  6 2018 05 23 15 50 25  3.1650 -0.1201  0.0000  27.1  26.7   0.0 
  6 2018 05 23 15 50 26  1.8432  0.3822  0.0000  26.7  25.8   0.0 
  6 2018 05 23 15 50 27  1.5919  0.2343  0.0000  25.8  24.9   0.0 
  6 2018 05 23 15 50 28  3.3373  0.1001  0.0000  26.7  25.4   0.0 
  6 2018 05 23 15 50 29  2.9698 -0.1572  0.0000  27.1  26.2   0.0 
  6 2018 05 23 15 50 30  2.9062 -0.1014  0.0000  25.4  23.6   0.0 
  6 2018 05 23 15 50 31  2.9022  0.0627  0.0000  25.8  26.2   0.0 
  6 2018 05 23 15 50 32  2.3015  0.0243  0.0000  27.9  25.8   0.0 
  6 2018 05 23 15 50 33  2.5407  0.0436  0.0000  27.1  25.8   0.0 
  6 2018 05 23 15 50 34  2.2536  0.7060  0.0000  25.4  24.1   0.0 
  6 2018 05 23 15 50 35  3.2467  0.1562  0.0000  26.7  24.9   0.0 
  7 2018 05 23 15 51 00  3.2933 -0.4262  0.0000  24.9  23.2   0.0 
  7 2018 05 23 15 51 01  3.1637 -0.1414  0.0000  24.5  24.1   0.0 
  7 2018 05 23 15 51 02  3.2861  0.0994  0.0000  25.8  23.6   0.0 
  7 2018 05 23 15 51 03  2.6844 -0.4314  0.0000  24.9  25.4   0.0 
  7 2018 05 23 15 51 04  2.8291 -0.1985  0.0000  24.1  24.1   0.0 
  7 2018 05 23 15 51 05  2.7887 -0.3740  0.0000  25.4  23.2   0.0 
  7 2018 05 23 15 51 06  3.6070 -0.1171  0.0000  26.2  24.5   0.0 
  7 2018 05 23 15 51 07  3.0938  0.3127  0.0000  24.5  23.2   0.0 
  7 2018 05 23 15 51 08  2.8671 -0.1220  0.0000  24.9  24.1   0.0 
  7 2018 05 23 15 51 09  2.2241 -0.4656  0.0000  24.9  24.1   0.0 
  7 2018 05 23 15 51 10  2.2894 -0.0791  0.0000  24.9  24.1   0.0 
  7 2018 05 23 15 51 11  2.5807 -0.1529  0.0000  24.5  24.9   0.0 
  7 2018 05 23 15 51 12  2.8927 -0.3504  0.0000  25.8  24.1   0.0 
  7 2018 05 23 15 51 13  3.0971 -0.1299  0.0000  25.4  24.1   0.0 
  7 2018 05 23 15 51 14  2.8077 -0.4872  0.0000  24.5  23.6   0.0 
  7 2018 05 23 15 51 15  2.8038 -0.1083  0.0000  27.5  24.1   0.0 
  7 2018 05 23 15 51 16  3.3629  0.0318  0.0000  24.5  24.1   0.0 
  7 2018 05 23 15 51 17  2.8806  0.1319  0.0000  26.7  25.8   0.0 
  7 2018 05 23 15 51 18  2.6667  0.3730  0.0000  25.8  25.4   0.0 
  7 2018 05 23 15 51 19  2.4662 -0.5348  0.0000  25.4  24.1   0.0 
  7 2018 05 23 15 51 20  3.1568  0.7602  0.0000  25.8  24.5   0.0 
  7 2018 05 23 15 51 21  1.7595  0.5223  0.0000  24.9  24.9   0.0 
  7 2018 05 23 15 51 22  3.3215 -0.1765  0.0000  26.7  24.1   0.0 
  7 2018 05 23 15 51 23  2.4701 -0.2247  0.0000  24.5  22.4   0.0 
  7 2018 05 23 15 51 24  3.1594 -0.2254  0.0000  26.7  23.6   0.0 
  7 2018 05 23 15 51 25  2.5915  0.0853  0.0000  26.2  24.9   0.0 
  7 2018 05 23 15 51 26  3.0673 -1.0056  0.0000  26.2  24.9   0.0 
  7 2018 05 23 15 51 27  2.0679 -0.5092  0.0000  25.8  24.5   0.0 
  7 2018 05 23 15 51 28  3.4396 -0.1463  0.0000  25.4  23.6   0.0 
  7 2018 05 23 15 51 29  2.1414  0.1155  0.0000  26.7  24.5   0.0 
  7 2018 05 23 15 51 30  2.7274 -0.2110  0.0000  25.8  24.1   0.0 
  7 2018 05 23 15 51 31  3.3491 -0.5509  0.0000  26.2  24.5   0.0 
  7 2018 05 23 15 51 32  3.3776 -0.1335  0.0000  24.9  22.8   0.0 
  7 2018 05 23 15 51 33  2.1804  0.0531  0.0000  24.9  24.5   0.0 
  7 2018 05 23 15 51 34  4.0318 -0.8510  0.0000  26.2  25.4   0.0 
  7 2018 05 23 15 51 35  2.6342 -0.6093  0.0000  24.5  24.5   0.0 
  7 2018 05 23 15 51 36  3.1125 -0.1824  0.0000  24.5  22.8   0.0 
  7 2018 05 23 15 51 37  3.8881 -0.7080  0.0000  23.2  22.8   0.0 
  7 2018 05 23 15 51 38  2.3855 -0.6211  0.0000  26.2  24.5   0.0 
  7 2018 05 23 15 51 39  2.8238 -0.0958  0.0000  25.4  24.1   0.0 
  8 2018 05 23 15 52 14  2.5394 -0.6624  0.0000  24.9  23.6   0.0 
  8 2018 05 23 15 52 15  1.6739 -0.0883  0.0000  24.5  22.8   0.0 
  8 2018 05 23 15 52 16  2.7096 -0.0121  0.0000  24.5  22.4   0.0 
  8 2018 05 23 15 52 17  3.2343 -0.0594  0.0000  24.9  23.2   0.0 
  8 2018 05 23 15 52 18  3.1050  0.0551  0.0000  24.9  22.8   0.0 
  8 2018 05 23 15 52 19  2.6093 -0.1394  0.0000  25.4  24.1   0.0 
  8 2018 05 23 15 52 20  2.8760 -0.4400  0.0000  24.1  23.2   0.0 
  8 2018 05 23 15 52 21  2.7178 -0.1831  0.0000  24.9  23.2   0.0 
  8 2018 05 23 15 52 22  3.3652 -0.3219  0.0000  24.9  23.2   0.0 
  8 2018 05 23 15 52 23  2.7320 -0.8999  0.0000  25.4  24.5   0.0 
  8 2018 05 23 15 52 24  2.4485 -0.2516  0.0000  24.5  23.2   0.0 
  8 2018 05 23 15 52 25  3.1198 -0.7969  0.0000  25.8  24.1   0.0 
  8 2018 05 23 15 52 26  2.7635  0.2776  0.0000  24.9  22.4   0.0 
  8 2018 05 23 15 52 27  3.6342 -0.1043  0.0000  26.2  24.1   0.0 
  8 2018 05 23 15 52 28  1.5692 -0.7533  0.0000  24.9  21.9   0.0 
  8 2018 05 23 15 52 29  3.1509 -0.8081  0.0000  24.9  22.8   0.0 
  8 2018 05 23 15 52 30  2.9810 -0.0440  0.0000  23.6  22.4   0.0 
  8 2018 05 23 15 52 31  2.0958 -0.4616  0.0000  24.5  23.6   0.0 
  8 2018 05 23 15 52 32  2.9564 -0.0089  0.0000  24.5  24.9   0.0 
  8 2018 05 23 15 52 33  4.0148  0.3524  0.0000  25.4  23.2   0.0 
  8 2018 05 23 15 52 34  1.6194  0.2093  0.0000  24.5  23.2   0.0 
  8 2018 05 23 15 52 35  2.4514  0.0820  0.0000  25.4  23.2   0.0 
  8 2018 05 23 15 52 36  1.0299 -0.9177  0.0000  25.8  23.2   0.0 
  8 2018 05 23 15 52 37  2.0312 -0.1923  0.0000  26.2  24.1   0.0 
  8 2018 05 23 15 52 38  3.0482 -0.4800  0.0000  24.9  22.4   0.0 
  8 2018 05 23 15 52 39  3.0938 -0.1302  0.0000  24.9  23.6   0.0 
  8 2018 05 23 15 52 40  2.8675 -0.3130  0.0000  24.9  22.8   0.0 
  8 2018 05 23 15 52 41  2.9501  0.3337  0.0000  23.6  22.4   0.0 
  8 2018 05 23 15 52 42  1.8297 -0.7156  0.0000  26.7  23.6   0.0 
  8 2018 05 23 15 52 43  3.5187 -0.0200  0.0000  24.5  22.8   0.0 
  8 2018 05 23 15 52 44  2.8176 -0.2178  0.0000  26.2  23.6   0.0 
  8 2018 05 23 15 52 45  2.8488 -0.4839  0.0000  26.7  24.1   0.0 
  8 2018 05 23 15 52 46  2.6532  0.4186  0.0000  27.1  25.8   0.0 
  8 2018 05 23 15 52 47  3.0023 -0.1575  0.0000  24.9  24.1   0.0 
  8 2018 05 23 15 52 48  3.4432 -0.3442  0.0000  25.4  23.6   0.0 
  8 2018 05 23 15 52 49  3.1450  0.3045  0.0000  24.1  22.4   0.0 
  8 2018 05 23 15 52 50  2.9032 -0.0486  0.0000  25.4  22.4   0.0 
  8 2018 05 23 15 52 51  1.8691 -0.4603  0.0000  24.9  23.6   0.0 
  8 2018 05 23 15 52 52  3.3504 -0.6827  0.0000  25.4  23.6   0.0 
  8 2018 05 23 15 52 53  3.6325 -0.3707  0.0000  26.2  24.5   0.0 
  9 2018 05 23 15 53 24  3.3776 -0.7051  0.0000  25.4  24.1   0.0 
  9 2018 05 23 15 53 25  3.1709 -1.1417  0.0000  27.1  24.5   0.0 
  9 2018 05 23 15 53 26  2.9629  0.0098  0.0000  24.5  23.2   0.0 
  9 2018 05 23 15 53 27  2.8481  0.3602  0.0000  25.4  24.1   0.0 
  9 2018 05 23 15 53 28  4.2507 -0.0502  0.0000  24.9  23.2   0.0 
  9 2018 05 23 15 53 29  2.9836 -0.6965  0.0000  27.1  25.8   0.0 
  9 2018 05 23 15 53 30  1.5512 -0.1276  0.0000  24.9  23.6   0.0 
  9 2018 05 23 15 53 31  2.1781 -1.0479  0.0000  25.4  23.6   0.0 
  9 2018 05 23 15 53 32  3.2293  0.0358  0.0000  24.9  24.5   0.0 
  9 2018 05 23 15 53 33  3.6463  0.1506  0.0000  24.5  23.6   0.0 
  9 2018 05 23 15 53 34  3.4642 -0.1509  0.0000  25.4  23.6   0.0 
  9 2018 05 23 15 53 35  3.7523  0.0636  0.0000  25.4  24.9   0.0 
  9 2018 05 23 15 53 36  1.5984  0.5764  0.0000  25.4  22.8   0.0 
  9 2018 05 23 15 53 37  4.4836 -0.4032  0.0000  24.9  23.2   0.0 
  9 2018 05 23 15 53 38  3.2566  0.1512  0.0000  25.4  23.6   0.0 
  9 2018 05 23 15 53 39  2.6503 -0.0751  0.0000  25.4  22.4   0.0 
  9 2018 05 23 15 53 40  2.2385 -0.1247  0.0000  24.5  22.8   0.0 
  9 2018 05 23 15 53 41  3.0200 -0.5328  0.0000  26.2  24.1   0.0 
  9 2018 05 23 15 53 42  3.9209 -0.3291  0.0000  24.5  23.6   0.0 
  9 2018 05 23 15 53 43  2.9199 -0.2178  0.0000  24.9  24.5   0.0 
  9 2018 05 23 15 53 44  3.1657 -0.0072  0.0000  26.2  24.5   0.0 
  9 2018 05 23 15 53 45  3.6749  0.1142  0.0000  25.8  23.6   0.0 
  9 2018 05 23 15 53 46  2.7726 -0.5220  0.0000  26.2  24.1   0.0 
  9 2018 05 23 15 53 47  1.4124 -0.1962  0.0000  24.1  22.4   0.0 
  9 2018 05 23 15 53 48  2.1342 -0.2713  0.0000  25.4  23.6   0.0 
  9 2018 05 23 15 53 49  2.8960 -0.4409  0.0000  24.9  23.6   0.0 
  9 2018 05 23 15 53 50  1.4278  0.0978  0.0000  25.4  23.6   0.0 
  9 2018 05 23 15 53 51  2.8320  0.0010  0.0000  24.9  22.8   0.0 
  9 2018 05 23 15 53 52  1.1778 -0.0220  0.0000  24.5  24.1   0.0 
  9 2018 05 23 15 53 53  3.3409 -0.0669  0.0000  24.1  23.6   0.0 
  9 2018 05 23 15 53 54  3.7274 -0.1686  0.0000  25.4  24.1   0.0 
  9 2018 05 23 15 53 55  2.6115 -0.1900  0.0000  24.1  23.6   0.0 
  9 2018 05 23 15 53 56  3.0249 -0.4360  0.0000  24.9  24.5   0.0 
  9 2018 05 23 15 53 57  3.4167 -0.3350  0.0000  25.4  23.2   0.0 
  9 2018 05 23 15 53 58  3.7234  0.2759  0.0000  24.5  24.1   0.0 
  9 2018 05 23 15 53 59  2.6647 -0.7762  0.0000  24.9  23.2   0.0 
  9 2018 05 23 15 54 00  1.6352  0.6516  0.0000  25.4  23.6   0.0 
  9 2018 05 23 15 54 01  2.5249 -0.6804  0.0000  25.4  23.2   0.0 
  9 2018 05 23 15 54 02  3.5699 -0.2835  0.0000  26.2  23.2   0.0 
  9 2018 05 23 15 54 03  2.2169 -0.5112  0.0000  25.8  24.1   0.0 
 10 2018 05 23 15 54 47  3.3606 -0.1844  0.0000  26.7  24.9   0.0 
 10 2018 05 23 15 54 48  3.1978 -0.7415  0.0000  24.9  23.2   0.0 
 10 2018 05 23 15 54 49  3.5876 -0.4134  0.0000  24.9  23.6   0.0 
 10 2018 05 23 15 54 50  3.4554 -0.6913  0.0000  25.8  22.8   0.0 
 10 2018 05 23 15 54 51  2.0915  0.0233  0.0000  24.9  24.1   0.0 
 10 2018 05 23 15 54 52  3.0344 -0.5351  0.0000  24.9  23.6   0.0 
 10 2018 05 23 15 54 53  2.6864 -0.2936  0.0000  25.4  23.6   0.0 
 10 2018 05 23 15 54 54  3.2444  0.0919  0.0000  23.2  23.2   0.0 
 10 2018 05 23 15 54 55  2.3681  0.2352  0.0000  24.1  24.1   0.0 
 10 2018 05 23 15 54 56  1.5344 -0.6962  0.0000  25.4  23.6   0.0 
 10 2018 05 23 15 54 57  3.0085 -0.3570  0.0000  26.2  23.2   0.0 
 10 2018 05 23 15 54 58  1.7556 -0.6519  0.0000  25.4  24.9   0.0 
 10 2018 05 23 15 54 59  2.0771 -0.5883  0.0000  24.9  23.2   0.0 
 10 2018 05 23 15 55 00  2.3783 -0.3350  0.0000  24.9  23.2   0.0 
 10 2018 05 23 15 55 01  2.8707 -0.2083  0.0000  24.9  22.4   0.0 
 10 2018 05 23 15 55 02  3.6152 -0.0246  0.0000  24.5  23.2   0.0 
 10 2018 05 23 15 55 03  2.9738 -0.6001  0.0000  25.4  21.9   0.0 
 10 2018 05 23 15 55 04  2.6280 -0.2694  0.0000  22.8  23.2   0.0 
 10 2018 05 23 15 55 05  3.2723 -0.3133  0.0000  24.5  23.2   0.0 
 10 2018 05 23 15 55 06  3.2940 -0.4101  0.0000  24.9  24.1   0.0 
 10 2018 05 23 15 55 07  2.7648  0.3094  0.0000  24.1  23.2   0.0 
 10 2018 05 23 15 55 08  3.2949 -0.6663  0.0000  24.1  23.6   0.0 
 10 2018 05 23 15 55 09  3.7405 -0.4088  0.0000  24.9  23.6   0.0 
 10 2018 05 23 15 55 10  3.8130 -0.6644  0.0000  24.9  22.8   0.0 
 10 2018 05 23 15 55 11  3.9852 -0.5860  0.0000  24.9  23.6   0.0 
 10 2018 05 23 15 55 12  2.7598 -0.5066  0.0000  24.1  22.8   0.0 
 10 2018 05 23 15 55 13  3.2057 -0.7562  0.0000  24.5  22.8   0.0 
 10 2018 05 23 15 55 14  3.3409 -0.5049  0.0000  24.9  24.1   0.0 
 10 2018 05 23 15 55 15  2.4062 -1.1873  0.0000  24.1  24.1   0.0 
 10 2018 05 23 15 55 16  5.8688  0.1463  0.0000  23.6  24.1   0.0 
 10 2018 05 23 15 55 17  3.3074 -0.2864  0.0000  25.4  24.9   0.0 
 10 2018 05 23 15 55 18  3.0377 -0.3212  0.0000  24.5  24.1   0.0 
 10 2018 05 23 15 55 19  3.3455 -0.7408  0.0000  24.5  22.8   0.0 
 10 2018 05 23 15 55 20  3.0797 -0.4862  0.0000  25.4  24.1   0.0 
 10 2018 05 23 15 55 21  2.6407 -0.2835  0.0000  23.6  23.2   0.0 
 10 2018 05 23 15 55 22  3.3596 -0.0732  0.0000  25.4  23.2   0.0 
 10 2018 05 23 15 55 23  3.0367 -0.1680  0.0000  24.9  23.2   0.0 
 10 2018 05 23 15 55 24  2.7530  0.2851  0.0000  24.9  24.5   0.0 
 10 2018 05 23 15 55 25  2.9797  0.0853  0.0000  26.7  24.9   0.0 
 10 2018 05 23 15 55 26  2.7480 -0.2641  0.0000  25.8  23.2   0.0 
 11 2018 05 23 15 56 13  2.6631 -0.4209  0.0000  25.4  25.4   0.0 
 11 2018 05 23 15 56 14  1.7064 -0.3812  0.0000  24.9  23.2   0.0 
 11 2018 05 23 15 56 15  2.4121 -0.4390  0.0000  24.5  23.6   0.0 
 11 2018 05 23 15 56 16  1.4662 -0.1719  0.0000  25.8  24.1   0.0 
 11 2018 05 23 15 56 17  1.3642  0.2100  0.0000  25.8  23.6   0.0 
 11 2018 05 23 15 56 18  2.0620 -0.7566  0.0000  24.5  22.4   0.0 
 11 2018 05 23 15 56 19  2.5548  0.2772  0.0000  24.5  23.6   0.0 
 11 2018 05 23 15 56 20  2.8868  0.2382  0.0000  24.9  24.1   0.0 
 11 2018 05 23 15 56 21  2.0184 -0.6877  0.0000  25.4  24.5   0.0 
 11 2018 05 23 15 56 22  2.3494 -0.5387  0.0000  25.8  23.2   0.0 
 11 2018 05 23 15 56 23  3.1545  0.2799  0.0000  25.4  24.1   0.0 
 11 2018 05 23 15 56 24  2.4524 -0.9793  0.0000  24.5  24.1   0.0 
 11 2018 05 23 15 56 25  1.7641  0.1089  0.0000  25.4  24.1   0.0 
 11 2018 05 23 15 56 26  1.9823 -0.0597  0.0000  23.6  23.2   0.0 
 11 2018 05 23 15 56 27  0.9603 -0.1696  0.0000  23.2  21.9   0.0 
 11 2018 05 23 15 56 28  1.5568 -0.1877  0.0000  24.9  23.2   0.0 
 11 2018 05 23 15 56 29  2.7474  0.7359  0.0000  25.4  23.6   0.0 
 11 2018 05 23 15 56 30  1.9272  0.4416  0.0000  24.9  23.2   0.0 
 11 2018 05 23 15 56 31  2.3123 -0.3281  0.0000  24.5  24.1   0.0 
 11 2018 05 23 15 56 32  1.9560  0.0951  0.0000  23.2  22.8   0.0 
 11 2018 05 23 15 56 33  2.5568  0.0456  0.0000  25.4  24.1   0.0 
 11 2018 05 23 15 56 34  4.4954  0.0620  0.0000  25.8  24.5   0.0 
 11 2018 05 23 15 56 35  2.0738 -0.0138  0.0000  24.1  23.2   0.0 
 11 2018 05 23 15 56 36  2.5390 -0.4639  0.0000  25.4  24.1   0.0 
 11 2018 05 23 15 56 37  3.1306 -0.1512  0.0000  25.4  24.5   0.0 
 11 2018 05 23 15 56 38  3.1316  1.0148  0.0000  24.5  23.2   0.0 
 11 2018 05 23 15 56 39  2.0587 -0.6601  0.0000  24.9  23.6   0.0 
 11 2018 05 23 15 56 40  3.2602 -0.7195  0.0000  25.8  23.6   0.0 
 11 2018 05 23 15 56 41  1.0295 -0.1667  0.0000  25.4  23.6   0.0 
 11 2018 05 23 15 56 42  3.4846 -0.3953  0.0000  24.9  24.5   0.0 
 11 2018 05 23 15 56 43  1.1490  0.5614  0.0000  24.5  23.2   0.0 
 11 2018 05 23 15 56 44  2.2215 -0.3274  0.0000  25.4  22.8   0.0 
 11 2018 05 23 15 56 45  4.0131  0.0082  0.0000  25.4  24.1   0.0 
 11 2018 05 23 15 56 46  1.5354 -0.2976  0.0000  25.4  23.2   0.0 
 11 2018 05 23 15 56 47  1.7221 -0.1841  0.0000  24.5  23.6   0.0 
 11 2018 05 23 15 56 48  2.8812  0.2657  0.0000  23.6  23.2   0.0 
 11 2018 05 23 15 56 49  2.9593  0.3222  0.0000  27.1  24.1   0.0 
 11 2018 05 23 15 56 50  1.4150  0.0079  0.0000  24.5  23.6   0.0 
 11 2018 05 23 15 56 51  1.5531  0.8678  0.0000  25.8  22.8   0.0 
 11 2018 05 23 15 56 52  2.3809 -0.0745  0.0000  24.1  23.6   0.0 
 12 2018 05 23 15 57 28  3.3094 -0.0302  0.0000  25.8  25.4   0.0 
 12 2018 05 23 15 57 29  2.3957  0.0587  0.0000  27.1  23.6   0.0 
 12 2018 05 23 15 57 30  2.4639 -0.0397  0.0000  25.4  24.1   0.0 
 12 2018 05 23 15 57 31  3.0879 -0.1765  0.0000  24.9  23.6   0.0 
 12 2018 05 23 15 57 32  1.8202  0.0141  0.0000  26.7  24.5   0.0 
 12 2018 05 23 15 57 33  3.0856 -0.2008  0.0000  25.8  25.4   0.0 
 12 2018 05 23 15 57 34  1.3724 -0.0282  0.0000  24.9  23.6   0.0 
 12 2018 05 23 15 57 35  3.0180 -0.1371  0.0000  26.7  24.5   0.0 
 12 2018 05 23 15 57 36  2.8530 -0.3717  0.0000  25.4  24.9   0.0 
 12 2018 05 23 15 57 37  2.2657 -0.0253  0.0000  26.7  24.9   0.0 
 12 2018 05 23 15 57 38  3.4554 -0.8451  0.0000  26.7  24.1   0.0 
 12 2018 05 23 15 57 39  2.4852 -0.5827  0.0000  26.7  24.5   0.0 
 12 2018 05 23 15 57 40  2.8314 -0.0007  0.0000  25.4  24.1   0.0 
 12 2018 05 23 15 57 41  2.5341  0.4242  0.0000  25.4  23.6   0.0 
 12 2018 05 23 15 57 42  2.6470 -0.0912  0.0000  26.7  23.2   0.0 
 12 2018 05 23 15 57 43  3.3868 -0.3960  0.0000  24.9  24.5   0.0 
 12 2018 05 23 15 57 44  2.6394 -0.0610  0.0000  24.9  25.4   0.0 
 12 2018 05 23 15 57 45  3.0610 -0.8970  0.0000  24.5  23.6   0.0 
 12 2018 05 23 15 57 46  2.2516 -0.1437  0.0000  25.4  25.4   0.0 
 12 2018 05 23 15 57 47  2.5492  0.0404  0.0000  26.2  24.9   0.0 
 12 2018 05 23 15 57 48  2.2441 -0.0505  0.0000  26.2  24.5   0.0 
 12 2018 05 23 15 57 49  3.0656 -0.0958  0.0000  24.9  23.6   0.0 
 12 2018 05 23 15 57 50  2.0295  0.5817  0.0000  24.1  24.1   0.0 
 12 2018 05 23 15 57 51  3.1837 -0.4672  0.0000  26.2  23.6   0.0 
 12 2018 05 23 15 57 52  3.0289 -0.8642  0.0000  24.9  24.1   0.0 
 12 2018 05 23 15 57 53  2.4813 -0.1654  0.0000  25.4  24.5   0.0 
 12 2018 05 23 15 57 54  2.9140 -0.3153  0.0000  25.8  25.4   0.0 
 12 2018 05 23 15 57 55  2.1722 -0.3241  0.0000  25.4  23.6   0.0 
 12 2018 05 23 15 57 56  2.3094 -0.7828  0.0000  24.5  23.6   0.0 
 12 2018 05 23 15 57 57  2.4170 -0.2254  0.0000  24.9  23.6   0.0 
 12 2018 05 23 15 57 58  3.2536 -0.2930  0.0000  25.4  24.1   0.0 
 12 2018 05 23 15 57 59  2.7920  0.0335  0.0000  25.8  24.1   0.0 
 12 2018 05 23 15 58 00  2.7264  0.0968  0.0000  25.4  24.1   0.0 
 12 2018 05 23 15 58 01  2.4285 -0.5259  0.0000  25.8  24.1   0.0 
 12 2018 05 23 15 58 02  3.0039 -0.4022  0.0000  24.9  24.5   0.0 
 12 2018 05 23 15 58 03  2.3632 -0.2635  0.0000  26.2  24.1   0.0 
 12 2018 05 23 15 58 04  3.1532 -0.8796  0.0000  25.4  24.5   0.0 
 12 2018 05 23 15 58 05  3.8993 -0.1273  0.0000  24.5  23.2   0.0 
 12 2018 05 23 15 58 06  2.3038 -0.8763  0.0000  24.5  23.2   0.0 
 12 2018 05 23 15 58 07  2.6713 -0.0466  0.0000  26.2  25.8   0.0 
 13 2018 05 23 15 59 28  3.4747 -0.4183  0.0000  25.8  24.9   0.0 
 13 2018 05 23 15 59 29  2.6411 -0.0942  0.0000  25.8  24.1   0.0 
 13 2018 05 23 15 59 30  2.6755  0.2175  0.0000  27.1  24.5   0.0 
 13 2018 05 23 15 59 31  0.4646  0.0948  0.0000  25.8  23.2   0.0 
 13 2018 05 23 15 59 32  2.2510 -0.5292  0.0000  27.1  25.4   0.0 
 13 2018 05 23 15 59 33  4.3576 -0.7365  0.0000  29.2  25.8   0.0 
 13 2018 05 23 15 59 34  3.9980 -0.2877  0.0000  24.9  24.1   0.0 
 13 2018 05 23 15 59 35  3.1483 -0.8071  0.0000  25.8  23.6   0.0 
 13 2018 05 23 15 59 36  3.4938 -0.7605  0.0000  27.1  24.1   0.0 
 13 2018 05 23 15 59 37  2.1588  0.3822  0.0000  25.4  24.5   0.0 
 13 2018 05 23 15 59 38  3.1194  0.1079  0.0000  25.4  24.9   0.0 
 13 2018 05 23 15 59 39  2.0420 -0.1745  0.0000  26.2  24.9   0.0 
 13 2018 05 23 15 59 40  3.1821  0.4826  0.0000  26.7  24.1   0.0 
 13 2018 05 23 15 59 41  3.4259 -0.0581  0.0000  26.7  24.9   0.0 
 13 2018 05 23 15 59 42  3.3330 -0.3806  0.0000  26.2  25.8   0.0 
 13 2018 05 23 15 59 43  3.9521 -0.0236  0.0000  26.7  24.5   0.0 
 13 2018 05 23 15 59 44  3.0463 -0.0623  0.0000  24.5  24.1   0.0 
 13 2018 05 23 15 59 45  3.0755 -0.6109  0.0000  26.7  24.9   0.0 
 13 2018 05 23 15 59 46  3.3222 -0.2346  0.0000  25.4  24.1   0.0 
 13 2018 05 23 15 59 47  4.6152  0.1647  0.0000  25.8  23.6   0.0 
 13 2018 05 23 15 59 48  2.3993 -0.0167  0.0000  26.7  26.2   0.0 
 13 2018 05 23 15 59 49  3.1444 -0.2949  0.0000  26.2  24.5   0.0 
 13 2018 05 23 15 59 50  3.5492 -0.0023  0.0000  27.1  24.1   0.0 
 13 2018 05 23 15 59 51  3.8356 -0.3924  0.0000  25.4  24.5   0.0 
 13 2018 05 23 15 59 52  4.9439  0.2110  0.0000  24.1  24.1   0.0 
 13 2018 05 23 15 59 53  2.5705 -0.2241  0.0000  26.2  24.9   0.0 
 13 2018 05 23 15 59 54  3.4944 -0.1949  0.0000  25.8  23.6   0.0 
 13 2018 05 23 15 59 55  3.7631 -0.3757  0.0000  26.2  24.5   0.0 
 13 2018 05 23 15 59 56  3.2451  0.0650  0.0000  25.8  24.5   0.0 
 13 2018 05 23 15 59 57  3.0456 -0.0295  0.0000  24.9  22.8   0.0 
 13 2018 05 23 15 59 58  2.4610 -0.2746  0.0000  27.1  23.6   0.0 
 13 2018 05 23 15 59 59  3.3025  0.0518  0.0000  25.4  24.1   0.0 
 13 2018 05 23 16 00 00  2.4291 -0.0062  0.0000  27.1  24.9   0.0 
 13 2018 05 23 16 00 01  3.2595 -0.4462  0.0000  25.4  24.9   0.0 
 13 2018 05 23 16 00 02  3.4229 -0.2516  0.0000  25.4  24.5   0.0 
 13 2018 05 23 16 00 03  2.8645 -0.2612  0.0000  25.8  24.1   0.0 
 13 2018 05 23 16 00 04  1.1818  0.2638  0.0000  25.4  24.9   0.0 
 13 2018 05 23 16 00 05  3.1650  0.4042  0.0000  26.2  24.9   0.0 
 13 2018 05 23 16 00 06  3.3196  0.0456  0.0000  27.1  24.1   0.0 
 13 2018 05 23 16 00 07  3.7241 -0.1864  0.0000  25.4  24.1   0.0 
 14 2018 05 23 16 00 40  2.8783  0.4518  0.0000  26.2  24.9   0.0 
 14 2018 05 23 16 00 41  3.0187  0.1424  0.0000  26.2  25.4   0.0 
 14 2018 05 23 16 00 42  3.0266  0.3150  0.0000  25.8  24.1   0.0 
 14 2018 05 23 16 00 43  2.7520  0.3507  0.0000  26.2  24.5   0.0 
 14 2018 05 23 16 00 44  3.3586  0.3757  0.0000  25.8  24.9   0.0 
 14 2018 05 23 16 00 45  3.1490 -0.1319  0.0000  25.4  24.1   0.0 
 14 2018 05 23 16 00 46  3.4029  0.0276  0.0000  24.9  24.5   0.0 
 14 2018 05 23 16 00 47  2.2910  0.1047  0.0000  24.9  23.2   0.0 
 14 2018 05 23 16 00 48  2.3921  0.1375  0.0000  25.8  24.1   0.0 
 14 2018 05 23 16 00 49  1.5620  0.0787  0.0000  26.2  24.9   0.0 
 14 2018 05 23 16 00 50  1.8543  0.0171  0.0000  25.8  24.5   0.0 
 14 2018 05 23 16 00 51  2.3268  0.2959  0.0000  27.1  24.5   0.0 
 14 2018 05 23 16 00 52  2.1165  0.2224  0.0000  26.7  24.9   0.0 
 14 2018 05 23 16 00 53  1.7861  0.9426  0.0000  27.1  25.4   0.0 
 14 2018 05 23 16 00 54  2.3839  0.7077  0.0000  26.7  24.5   0.0 
 14 2018 05 23 16 00 55  2.8668  0.2051  0.0000  25.4  24.5   0.0 
 14 2018 05 23 16 00 56  3.3819  0.4016  0.0000  24.9  22.8   0.0 
 14 2018 05 23 16 00 57  3.0554 -0.0262  0.0000  25.4  23.6   0.0 
 14 2018 05 23 16 00 58  2.1995  0.6476  0.0000  25.8  24.9   0.0 
 14 2018 05 23 16 00 59  2.2044  0.5617  0.0000  24.9  24.1   0.0 
 14 2018 05 23 16 01 00  3.3885  0.2238  0.0000  25.4  23.6   0.0 
 14 2018 05 23 16 01 01  1.8294  0.6204  0.0000  27.1  24.1   0.0 
 14 2018 05 23 16 01 02  3.0988  0.2382  0.0000  27.1  23.6   0.0 
 14 2018 05 23 16 01 03  2.4669 -0.9633  0.0000  26.7  25.4   0.0 
 14 2018 05 23 16 01 04  3.4344 -0.2064  0.0000  26.7  24.1   0.0 
 14 2018 05 23 16 01 05  3.1509  0.0364  0.0000  26.7  25.4   0.0 
 14 2018 05 23 16 01 06  3.2740  0.3986  0.0000  25.8  23.6   0.0 
 14 2018 05 23 16 01 07  2.3986  0.4072  0.0000  24.9  23.2   0.0 
 14 2018 05 23 16 01 08  2.9436  0.2913  0.0000  24.5  23.6   0.0 
 14 2018 05 23 16 01 09  1.7858  0.8533  0.0000  24.5  22.8   0.0 
 14 2018 05 23 16 01 10  2.7431  0.0856  0.0000  26.7  23.6   0.0 
 14 2018 05 23 16 01 11  3.1099  0.7103  0.0000  25.8  22.8   0.0 
 14 2018 05 23 16 01 12  3.2037  0.4075  0.0000  25.4  24.1   0.0 
 14 2018 05 23 16 01 13  3.2740  0.1289  0.0000  25.4  24.9   0.0 
 14 2018 05 23 16 01 14  2.4508  1.0509  0.0000  25.8  24.9   0.0 
 14 2018 05 23 16 01 15  3.7598 -0.0079  0.0000  24.9  25.4   0.0 
 14 2018 05 23 16 01 16  3.5358  0.7270  0.0000  26.2  24.1   0.0 
 14 2018 05 23 16 01 17  3.0709  0.3474  0.0000  25.4  24.5   0.0 
 14 2018 05 23 16 01 18  2.3369  0.1175  0.0000  26.2  24.1   0.0 
 14 2018 05 23 16 01 19  3.1050  0.0075  0.0000  26.7  24.5   0.0 
 15 2018 05 23 16 01 50  3.1814 -0.1145  0.0000  27.1  25.4   0.0 
 15 2018 05 23 16 01 51  2.9150  0.4455  0.0000  26.7  25.8   0.0 
 15 2018 05 23 16 01 52  3.0673 -0.0049  0.0000  26.2  24.9   0.0 
 15 2018 05 23 16 01 53  2.3268  0.4577  0.0000  26.2  25.4   0.0 
 15 2018 05 23 16 01 54  1.9331 -0.2044  0.0000  26.2  25.4   0.0 
 15 2018 05 23 16 01 55  2.2881  0.1867  0.0000  27.5  24.9   0.0 
 15 2018 05 23 16 01 56  2.7579  0.0394  0.0000  26.7  25.8   0.0 
 15 2018 05 23 16 01 57  3.4544 -0.3035  0.0000  26.2  24.1   0.0 
 15 2018 05 23 16 01 58  2.5138 -0.1444  0.0000  25.8  23.6   0.0 
 15 2018 05 23 16 01 59  3.6614 -0.2510  0.0000  24.9  24.1   0.0 
 15 2018 05 23 16 02 00  2.4669  0.3596  0.0000  24.5  23.6   0.0 
 15 2018 05 23 16 02 01  2.9498 -0.0430  0.0000  27.1  24.1   0.0 
 15 2018 05 23 16 02 02  2.2028  0.2274  0.0000  27.1  24.9   0.0 
 15 2018 05 23 16 02 03  2.5381  0.3077  0.0000  27.9  25.4   0.0 
 15 2018 05 23 16 02 04  2.4147  0.6696  0.0000  26.2  25.8   0.0 
 15 2018 05 23 16 02 05  3.7178  0.0295  0.0000  26.7  24.1   0.0 
 15 2018 05 23 16 02 06  3.3081 -0.3143  0.0000  24.9  24.9   0.0 
 15 2018 05 23 16 02 07  2.5174  0.8766  0.0000  27.9  25.4   0.0 
 15 2018 05 23 16 02 08  2.4472  0.5325  0.0000  26.7  24.5   0.0 
 15 2018 05 23 16 02 09  2.0994  0.3159  0.0000  27.5  24.5   0.0 
 15 2018 05 23 16 02 10  4.6562 -0.2057  0.0000  25.8  24.9   0.0 
 15 2018 05 23 16 02 11  2.4921  0.0328  0.0000  26.2  24.5   0.0 
 15 2018 05 23 16 02 12  3.4154  0.2044  0.0000  25.8  24.1   0.0 
 15 2018 05 23 16 02 13  2.6988  0.0322  0.0000  26.2  26.2   0.0 
 15 2018 05 23 16 02 14  4.5417  0.0922  0.0000  26.2  24.9   0.0 
 15 2018 05 23 16 02 15  3.0404  0.2251  0.0000  25.8  24.1   0.0 
 15 2018 05 23 16 02 16  3.6808 -0.0318  0.0000  28.4  25.4   0.0 
 15 2018 05 23 16 02 17  3.3471 -0.0125  0.0000  26.7  24.5   0.0 
 15 2018 05 23 16 02 18  1.7349  0.6739  0.0000  28.4  26.2   0.0 
 15 2018 05 23 16 02 19  2.0502  0.5627  0.0000  25.4  24.1   0.0 
 15 2018 05 23 16 02 20  2.8648  0.2503  0.0000  26.2  24.1   0.0 
 15 2018 05 23 16 02 21  3.3176  0.4800  0.0000  26.2  24.5   0.0 
 15 2018 05 23 16 02 22  3.0423  0.4846  0.0000  28.4  25.8   0.0 
 15 2018 05 23 16 02 23  2.7349  0.2618  0.0000  26.7  24.5   0.0 
 15 2018 05 23 16 02 24  3.1066  0.1106  0.0000  26.7  24.9   0.0 
 15 2018 05 23 16 02 25  2.8511  0.1913  0.0000  27.1  25.4   0.0 
 15 2018 05 23 16 02 26  1.2152  0.4951  0.0000  26.7  24.5   0.0 
 15 2018 05 23 16 02 27  2.0253  0.7717  0.0000  26.2  24.5   0.0 
 15 2018 05 23 16 02 28  2.3993  0.1247  0.0000  27.5  23.6   0.0 
 15 2018 05 23 16 02 29  2.1962  0.3625  0.0000  25.8  25.4   0.0 
 16 2018 05 23 16 02 56  3.1985 -0.1886  0.0000  27.1  25.8   0.0 
 16 2018 05 23 16 02 57  2.8064 -0.4724  0.0000  27.5  25.8   0.0 
 16 2018 05 23 16 02 58  2.8022  0.1155  0.0000  26.7  24.1   0.0 
 16 2018 05 23 16 02 59  1.8678 -0.3038  0.0000  27.1  26.7   0.0 
 16 2018 05 23 16 03 00  2.0436 -0.1076  0.0000  28.4  27.5   0.0 
 16 2018 05 23 16 03 01  2.7123  0.1516  0.0000  27.5  24.9   0.0 
 16 2018 05 23 16 03 02  3.1798 -0.0535  0.0000  26.7  25.8   0.0 
 16 2018 05 23 16 03 03  2.6850 -0.1437  0.0000  26.2  24.5   0.0 
 16 2018 05 23 16 03 04  2.9629  0.3980  0.0000  27.5  24.9   0.0 
 16 2018 05 23 16 03 05  1.8642 -0.0079  0.0000  26.7  24.1   0.0 
 16 2018 05 23 16 03 06  1.0676  0.3465  0.0000  26.7  24.9   0.0 
 16 2018 05 23 16 03 07  2.7264  0.0157  0.0000  27.1  24.9   0.0 
 16 2018 05 23 16 03 08  2.7228  0.0748  0.0000  26.2  24.5   0.0 
 16 2018 05 23 16 03 09  2.0200  0.7641  0.0000  26.2  24.9   0.0 
 16 2018 05 23 16 03 10  2.6516 -0.2336  0.0000  25.8  25.4   0.0 
 16 2018 05 23 16 03 11  2.3665  0.3061  0.0000  27.1  26.2   0.0 
 16 2018 05 23 16 03 12  2.6821  0.1969  0.0000  27.1  24.9   0.0 
 16 2018 05 23 16 03 13  2.2425  0.1102  0.0000  26.7  24.5   0.0 
 16 2018 05 23 16 03 14  3.1289 -0.1381  0.0000  27.5  24.9   0.0 
 16 2018 05 23 16 03 15  1.2605  0.1768  0.0000  26.7  25.8   0.0 
 16 2018 05 23 16 03 16  2.6322 -0.4649  0.0000  27.5  26.7   0.0 
 16 2018 05 23 16 03 17  1.9216 -0.3245  0.0000  27.5  24.9   0.0 
 16 2018 05 23 16 03 18  1.6749 -0.2815  0.0000  25.8  24.9   0.0 
 16 2018 05 23 16 03 19  2.2635  0.3087  0.0000  26.7  25.4   0.0 
 16 2018 05 23 16 03 20  3.4341  0.0594  0.0000  26.2  26.2   0.0 
 16 2018 05 23 16 03 21  2.2221 -0.3100  0.0000  26.7  25.4   0.0 
 16 2018 05 23 16 03 22  1.3448  0.0390  0.0000  28.4  26.2   0.0 
 16 2018 05 23 16 03 23  2.6670  0.0630  0.0000  26.7  25.8   0.0 
 16 2018 05 23 16 03 24  2.8780 -0.4580  0.0000  25.8  25.4   0.0 
 16 2018 05 23 16 03 25  3.0981 -0.3100  0.0000  25.4  25.4   0.0 
 16 2018 05 23 16 03 26  1.5584 -0.1138  0.0000  24.9  24.1   0.0 
 16 2018 05 23 16 03 27  1.6276  0.2759  0.0000  26.2  25.4   0.0 
 16 2018 05 23 16 03 28  2.1624  0.1936  0.0000  27.1  24.9   0.0 
 16 2018 05 23 16 03 29  3.0131 -0.5154  0.0000  26.7  24.9   0.0 
 16 2018 05 23 16 03 30  2.0144  0.1142  0.0000  25.8  24.5   0.0 
 16 2018 05 23 16 03 31  3.6969 -0.0341  0.0000  27.1  25.4   0.0 
 16 2018 05 23 16 03 32  2.3222 -0.1355  0.0000  28.8  27.1   0.0 
 16 2018 05 23 16 03 33  3.6791 -0.5072  0.0000  25.8  23.6   0.0 
 16 2018 05 23 16 03 34  3.1437 -0.1191  0.0000  26.2  24.9   0.0 
 16 2018 05 23 16 03 35  2.1181 -0.2884  0.0000  26.7  25.8   0.0 
 17 2018 05 23 16 04 02  2.0673 -0.3553  0.0000  25.8  26.2   0.0 
 17 2018 05 23 16 04 03  2.4045  0.1827  0.0000  25.4  24.5   0.0 
 17 2018 05 23 16 04 04  1.0823  0.1978  0.0000  25.4  25.8   0.0 
 17 2018 05 23 16 04 05  2.7333 -0.0597  0.0000  27.5  26.7   0.0 
 17 2018 05 23 16 04 06  3.6207  0.1768  0.0000  25.4  24.5   0.0 
 17 2018 05 23 16 04 07  2.3891 -0.1191  0.0000  25.8  25.8   0.0 
 17 2018 05 23 16 04 08  1.5971 -0.1883  0.0000  27.1  24.5   0.0 
 17 2018 05 23 16 04 09  2.1145  0.1936  0.0000  26.2  26.2   0.0 
 17 2018 05 23 16 04 10  2.7910 -0.6102  0.0000  24.9  25.4   0.0 
 17 2018 05 23 16 04 11  2.6539  0.2894  0.0000  26.2  24.5   0.0 
 17 2018 05 23 16 04 12  2.9180 -0.0689  0.0000  27.5  26.7   0.0 
 17 2018 05 23 16 04 13  2.2280 -0.2047  0.0000  25.4  24.1   0.0 
 17 2018 05 23 16 04 14  3.5282  0.8077  0.0000  26.7  24.5   0.0 
 17 2018 05 23 16 04 15  2.6037  0.0794  0.0000  25.8  25.4   0.0 
 17 2018 05 23 16 04 16  2.4616  0.1637  0.0000  25.8  24.5   0.0 
 17 2018 05 23 16 04 17  1.9226  0.0066  0.0000  25.4  24.1   0.0 
 17 2018 05 23 16 04 18  2.1821  0.0997  0.0000  27.1  25.4   0.0 
 17 2018 05 23 16 04 19  3.6844 -0.8671  0.0000  25.4  25.8   0.0 
 17 2018 05 23 16 04 20  2.5184 -0.0075  0.0000  25.4  25.8   0.0 
 17 2018 05 23 16 04 21  2.0371  0.2890  0.0000  26.7  24.9   0.0 
 17 2018 05 23 16 04 22  2.4367 -0.0676  0.0000  25.8  24.5   0.0 
 17 2018 05 23 16 04 23  2.5958  0.0778  0.0000  25.8  24.1   0.0 
 17 2018 05 23 16 04 24  1.8041 -0.2234  0.0000  25.8  25.4   0.0 
 17 2018 05 23 16 04 25  3.0794  0.2306  0.0000  25.4  24.1   0.0 
 17 2018 05 23 16 04 26  2.4035 -0.0259  0.0000  27.1  26.2   0.0 
 17 2018 05 23 16 04 27  2.4249  0.0594  0.0000  25.8  25.4   0.0 
 17 2018 05 23 16 04 28  1.8199  0.1132  0.0000  25.8  24.9   0.0 
 17 2018 05 23 16 04 29  2.8573  0.1319  0.0000  26.7  24.5   0.0 
 17 2018 05 23 16 04 30  1.7713  0.2713  0.0000  26.2  24.9   0.0 
 17 2018 05 23 16 04 31  1.7897 -0.3858  0.0000  25.4  24.1   0.0 
 17 2018 05 23 16 04 32  2.8002 -0.4616  0.0000  26.2  24.1   0.0 
 17 2018 05 23 16 04 33  2.2703  0.4377  0.0000  27.1  24.9   0.0 
 17 2018 05 23 16 04 34  0.7346 -0.4501  0.0000  26.7  26.7   0.0 
 17 2018 05 23 16 04 35  1.9882 -0.2343  0.0000  28.8  27.9   0.0 
 17 2018 05 23 16 04 36  1.7940 -0.2103  0.0000  26.7  24.9   0.0 
 17 2018 05 23 16 04 37  0.7323 -0.0075  0.0000  27.9  25.8   0.0 
 17 2018 05 23 16 04 38  0.9911  0.0866  0.0000  26.2  24.9   0.0 
 17 2018 05 23 16 04 39  3.2556  0.2320  0.0000  25.8  26.2   0.0 
 17 2018 05 23 16 04 40  1.5922 -0.2556  0.0000  27.1  24.9   0.0 
 17 2018 05 23 16 04 41  2.6529 -0.6542  0.0000  26.2  24.9   0.0 
 18 2018 05 23 16 05 13  2.8261  0.2408  0.0000  26.7  25.4   0.0 
 18 2018 05 23 16 05 14  2.1877  0.3120  0.0000  26.7  24.1   0.0 
 18 2018 05 23 16 05 15  0.5945 -0.0791  0.0000  25.8  24.5   0.0 
 18 2018 05 23 16 05 16  0.9843  0.2589  0.0000  24.9  23.6   0.0 
 18 2018 05 23 16 05 17  2.7874  0.1450  0.0000  25.8  23.6   0.0 
 18 2018 05 23 16 05 18  4.5866 -0.1027  0.0000  25.4  24.1   0.0 
 18 2018 05 23 16 05 19  2.7720  0.0118  0.0000  26.2  25.4   0.0 
 18 2018 05 23 16 05 20  2.7589 -0.0174  0.0000  25.4  23.6   0.0 
 18 2018 05 23 16 05 21  2.3278  0.3425  0.0000  25.8  24.1   0.0 
 18 2018 05 23 16 05 22  2.4429  0.0249  0.0000  24.9  24.5   0.0 
 18 2018 05 23 16 05 23  1.4728  0.2726  0.0000  26.2  24.5   0.0 
 18 2018 05 23 16 05 24  2.7224  0.1411  0.0000  25.8  24.1   0.0 
 18 2018 05 23 16 05 25  2.7690 -0.3389  0.0000  25.4  24.1   0.0 
 18 2018 05 23 16 05 26  2.4544  0.1601  0.0000  27.1  25.4   0.0 
 18 2018 05 23 16 05 27  2.6952  0.2602  0.0000  27.1  25.4   0.0 
 18 2018 05 23 16 05 28  2.3356  0.2520  0.0000  25.4  23.2   0.0 
 18 2018 05 23 16 05 29  3.0052  0.0184  0.0000  24.9  24.1   0.0 
 18 2018 05 23 16 05 30  2.7234  0.1575  0.0000  25.4  24.1   0.0 
 18 2018 05 23 16 05 31  2.9009  0.1939  0.0000  26.7  25.4   0.0 
 18 2018 05 23 16 05 32  2.9793  0.2064  0.0000  25.8  24.5   0.0 
 18 2018 05 23 16 05 33  2.1522  0.2477  0.0000  25.8  24.5   0.0 
 18 2018 05 23 16 05 34  1.8133  0.1135  0.0000  24.9  24.5   0.0 
 18 2018 05 23 16 05 35  2.9449  0.1742  0.0000  26.2  24.1   0.0 
 18 2018 05 23 16 05 36  2.9898 -0.0712  0.0000  24.5  24.9   0.0 
 18 2018 05 23 16 05 37  5.0581  0.1007  0.0000  25.4  24.5   0.0 
 18 2018 05 23 16 05 38  2.6555  0.0495  0.0000  25.4  24.1   0.0 
 18 2018 05 23 16 05 39  3.0289  0.3924  0.0000  26.2  24.9   0.0 
 18 2018 05 23 16 05 40  2.5988  0.1129  0.0000  26.2  25.4   0.0 
 18 2018 05 23 16 05 41  2.9741  0.0082  0.0000  25.4  23.6   0.0 
 18 2018 05 23 16 05 42  2.5512  0.3524  0.0000  25.4  24.9   0.0 
 18 2018 05 23 16 05 43  4.4186  0.6690  0.0000  25.4  24.5   0.0 
 18 2018 05 23 16 05 44  4.6240 -0.1316  0.0000  25.4  24.9   0.0 
 18 2018 05 23 16 05 45  2.5157  0.3780  0.0000  27.1  25.4   0.0 
 18 2018 05 23 16 05 46  2.6352  0.2651  0.0000  25.8  24.5   0.0 
 18 2018 05 23 16 05 47  2.5591  0.2579  0.0000  26.7  24.5   0.0 
 18 2018 05 23 16 05 48  2.9531  0.4308  0.0000  26.2  24.5   0.0 
 18 2018 05 23 16 05 49  3.4577  0.2405  0.0000  27.1  24.1   0.0 
 18 2018 05 23 16 05 50  2.6453 -0.1601  0.0000  27.5  24.9   0.0 
 18 2018 05 23 16 05 51  3.1070  0.1955  0.0000  24.9  23.6   0.0 
 18 2018 05 23 16 05 52  2.5226  0.0525  0.0000  24.9  23.6   0.0 
 19 2018 05 23 16 06 27  2.0354  0.0755  0.0000  25.8  23.2   0.0 
 19 2018 05 23 16 06 28  1.5312  0.2618  0.0000  25.4  24.5   0.0 
 19 2018 05 23 16 06 29  2.2631  0.6591  0.0000  25.8  24.5   0.0 
 19 2018 05 23 16 06 30  2.2808  0.4564  0.0000  25.8  24.5   0.0 
 19 2018 05 23 16 06 31  1.0781  0.2362  0.0000  26.2  24.9   0.0 
 19 2018 05 23 16 06 32  1.7037  0.2031  0.0000  24.9  23.6   0.0 
 19 2018 05 23 16 06 33  2.5886  0.3215  0.0000  26.2  24.9   0.0 
 19 2018 05 23 16 06 34  2.5400  0.4721  0.0000  25.8  24.1   0.0 
 19 2018 05 23 16 06 35  1.2730  1.0344  0.0000  24.5  24.5   0.0 
 19 2018 05 23 16 06 36  1.9928  0.2503  0.0000  25.8  25.4   0.0 
 19 2018 05 23 16 06 37  1.7707  0.2657  0.0000  25.8  24.9   0.0 
 19 2018 05 23 16 06 38  2.2546  0.5361  0.0000  27.1  26.2   0.0 
 19 2018 05 23 16 06 39  2.0295  0.0423  0.0000  26.2  24.5   0.0 
 19 2018 05 23 16 06 40  2.9147  0.1142  0.0000  26.2  24.1   0.0 
 19 2018 05 23 16 06 41  2.0846 -0.1014  0.0000  25.8  23.2   0.0 
 19 2018 05 23 16 06 42  3.0722  0.0846  0.0000  27.1  26.7   0.0 
 19 2018 05 23 16 06 43  2.0863 -0.1824  0.0000  26.7  24.9   0.0 
 19 2018 05 23 16 06 44  2.0269  0.8566  0.0000  25.4  22.4   0.0 
 19 2018 05 23 16 06 45  1.6549  0.2720  0.0000  26.2  24.1   0.0 
 19 2018 05 23 16 06 46  2.0285  0.3684  0.0000  26.2  25.4   0.0 
 19 2018 05 23 16 06 47  2.2684  0.1470  0.0000  25.4  24.5   0.0 
 19 2018 05 23 16 06 48  2.6762  0.3320  0.0000  26.2  25.8   0.0 
 19 2018 05 23 16 06 49  2.0863 -0.1473  0.0000  26.2  25.4   0.0 
 19 2018 05 23 16 06 50  2.3596  0.3547  0.0000  25.4  23.6   0.0 
 19 2018 05 23 16 06 51  2.0367  0.0436  0.0000  25.8  23.6   0.0 
 19 2018 05 23 16 06 52  0.4764  0.0351  0.0000  25.8  25.8   0.0 
 19 2018 05 23 16 06 53  2.3953  0.4426  0.0000  26.2  24.1   0.0 
 19 2018 05 23 16 06 54  2.5853  0.3366  0.0000  26.2  24.1   0.0 
 19 2018 05 23 16 06 55  2.1673  0.5741  0.0000  26.7  24.9   0.0 
 19 2018 05 23 16 06 56  2.4495  0.2070  0.0000  25.8  24.9   0.0 
 19 2018 05 23 16 06 57  2.1378  0.0676  0.0000  26.2  24.5   0.0 
 19 2018 05 23 16 06 58  2.4970  0.1654  0.0000  26.2  24.1   0.0 
 19 2018 05 23 16 06 59  2.0102  0.3553  0.0000  26.2  24.9   0.0 
 19 2018 05 23 16 07 00  2.5354  0.6988  0.0000  25.8  24.5   0.0 
 19 2018 05 23 16 07 01  3.9272  0.3176  0.0000  26.2  24.9   0.0 
 19 2018 05 23 16 07 02  2.8402  0.3839  0.0000  25.4  23.6   0.0 
 19 2018 05 23 16 07 03  1.8829  0.4222  0.0000  27.5  23.6   0.0 
 19 2018 05 23 16 07 04  2.4629  0.0538  0.0000  27.9  26.2   0.0 
 19 2018 05 23 16 07 05  1.9587 -0.2546  0.0000  25.4  24.1   0.0 
 19 2018 05 23 16 07 06  2.0915  0.1188  0.0000  24.9  24.5   0.0 
 20 2018 05 23 16 07 35  1.6125 -0.0341  0.0000  26.2  23.2   0.0 
 20 2018 05 23 16 07 36  2.9413 -0.7464  0.0000  27.9  26.2   0.0 
 20 2018 05 23 16 07 37  2.5430  0.7920  0.0000  25.4  26.2   0.0 
 20 2018 05 23 16 07 38  2.5528  0.1368  0.0000  24.9  25.4   0.0 
 20 2018 05 23 16 07 39  2.4767  0.5220  0.0000  25.8  24.5   0.0 
 20 2018 05 23 16 07 40  2.3960  0.3950  0.0000  25.4  25.4   0.0 
 20 2018 05 23 16 07 41  2.6322  0.6083  0.0000  26.7  25.8   0.0 
 20 2018 05 23 16 07 42  2.5594  0.5984  0.0000  26.2  24.9   0.0 
 20 2018 05 23 16 07 43  2.6952  0.6414  0.0000  27.1  25.4   0.0 
 20 2018 05 23 16 07 44  2.6545  0.5643  0.0000  25.4  24.1   0.0 
 20 2018 05 23 16 07 45  2.6591  0.2635  0.0000  25.4  25.4   0.0 
 20 2018 05 23 16 07 46  2.6660  0.3507  0.0000  24.9  24.5   0.0 
 20 2018 05 23 16 07 47  2.5394  0.7244  0.0000  27.1  26.7   0.0 
 20 2018 05 23 16 07 48  2.0233  0.3944  0.0000  26.2  24.9   0.0 
 20 2018 05 23 16 07 49  2.6739  0.8136  0.0000  26.2  25.4   0.0 
 20 2018 05 23 16 07 50  2.7005  0.2913  0.0000  26.2  24.1   0.0 
 20 2018 05 23 16 07 51  2.7877  0.6555  0.0000  27.5  24.9   0.0 
 20 2018 05 23 16 07 52  2.5377  0.6752  0.0000  25.4  24.5   0.0 
 20 2018 05 23 16 07 53  2.3376  0.4078  0.0000  26.2  25.8   0.0 
 20 2018 05 23 16 07 54  2.3720  0.4206  0.0000  25.4  24.9   0.0 
 20 2018 05 23 16 07 55  2.6345  0.4347  0.0000  24.9  24.5   0.0 
 20 2018 05 23 16 07 56  2.2884  0.5715  0.0000  26.2  24.1   0.0 
 20 2018 05 23 16 07 57  2.9613  0.3442  0.0000  27.9  26.2   0.0 
 20 2018 05 23 16 07 58  1.3993  0.2320  0.0000  26.7  24.9   0.0 
 20 2018 05 23 16 07 59  2.7260  0.6483  0.0000  27.1  24.9   0.0 
 20 2018 05 23 16 08 00  2.4511 -0.0023  0.0000  27.5  26.7   0.0 
 20 2018 05 23 16 08 01  2.2717  0.5397  0.0000  24.9  25.8   0.0 
 20 2018 05 23 16 08 02  2.8146  0.4124  0.0000  25.4  24.9   0.0 
 20 2018 05 23 16 08 03  2.3094  0.3031  0.0000  25.4  25.4   0.0 
 20 2018 05 23 16 08 04  2.8468  0.5217  0.0000  24.9  24.9   0.0 
 20 2018 05 23 16 08 05  2.7336  0.5860  0.0000  25.8  25.4   0.0 
 20 2018 05 23 16 08 06  2.7949  0.3655  0.0000  25.8  24.5   0.0 
 20 2018 05 23 16 08 07  2.6198  0.4728  0.0000  26.2  25.4   0.0 
 20 2018 05 23 16 08 08  2.5906  0.8960  0.0000  26.7  25.4   0.0 
 20 2018 05 23 16 08 09  0.2956  0.1224  0.0000  26.7  25.4   0.0 
 20 2018 05 23 16 08 10  2.7165  0.4931  0.0000  26.2  24.5   0.0 
 20 2018 05 23 16 08 11  2.6864  0.5512  0.0000  26.2  25.8   0.0 
 20 2018 05 23 16 08 12  2.6263 -0.3363  0.0000  25.8  25.8   0.0 
 20 2018 05 23 16 08 13  2.6070  0.3369  0.0000  26.2  26.2   0.0 
 20 2018 05 23 16 08 14  2.7182  0.5991  0.0000  26.2  26.2   0.0 
 21 2018 05 23 16 08 51  2.3806  0.2795  0.0000  27.1  25.8   0.0 
 21 2018 05 23 16 08 52  2.4852  0.3996  0.0000  25.8  26.2   0.0 
 21 2018 05 23 16 08 53  2.4432  0.5226  0.0000  26.7  25.8   0.0 
 21 2018 05 23 16 08 54  1.9839  0.1329  0.0000  27.1  24.9   0.0 
 21 2018 05 23 16 08 55  2.0643  0.7001  0.0000  26.7  25.4   0.0 
 21 2018 05 23 16 08 56  3.9364  0.6132  0.0000  26.7  27.1   0.0 
 21 2018 05 23 16 08 57  2.0623 -0.0069  0.0000  27.1  25.8   0.0 
 21 2018 05 23 16 08 58  2.4944  0.4012  0.0000  27.1  26.7   0.0 
 21 2018 05 23 16 08 59  2.0518  0.4042  0.0000  27.1  25.8   0.0 
 21 2018 05 23 16 09 00  2.1165  0.5089  0.0000  27.5  25.8   0.0 
 21 2018 05 23 16 09 01  2.4245  0.8314  0.0000  28.4  26.2   0.0 
 21 2018 05 23 16 09 02  2.3822  0.1037  0.0000  25.4  25.4   0.0 
 21 2018 05 23 16 09 03  2.0919  0.6155  0.0000  27.9  27.5   0.0 
 21 2018 05 23 16 09 04  1.0568  0.4288  0.0000  28.4  27.1   0.0 
 21 2018 05 23 16 09 05  2.1788  0.3612  0.0000  28.4  26.2   0.0 
 21 2018 05 23 16 09 06  2.1585  0.2989  0.0000  31.0  29.7   0.0 
 21 2018 05 23 16 09 07  2.1394  0.7238  0.0000  27.5  25.8   0.0 
 21 2018 05 23 16 09 08  1.6637  0.2169  0.0000  25.8  25.4   0.0 
 21 2018 05 23 16 09 09  2.5492  0.5909  0.0000  26.2  25.4   0.0 
 21 2018 05 23 16 09 10  2.1499 -0.2648  0.0000  27.1  25.8   0.0 
 21 2018 05 23 16 09 11  2.6040  0.7175  0.0000  29.2  27.9   0.0 
 21 2018 05 23 16 09 12  2.6709  0.1975  0.0000  27.9  25.4   0.0 
 21 2018 05 23 16 09 13  1.9354  0.1699  0.0000  27.1  25.8   0.0 
 21 2018 05 23 16 09 14  2.1591 -0.0722  0.0000  28.4  26.7   0.0 
 21 2018 05 23 16 09 15  1.7339  0.5472  0.0000  27.5  24.5   0.0 
 21 2018 05 23 16 09 16  1.5246  0.5922  0.0000  27.1  25.8   0.0 
 21 2018 05 23 16 09 17  2.4711  0.7136  0.0000  27.9  25.8   0.0 
 21 2018 05 23 16 09 18  2.3970  0.1883  0.0000  27.5  25.8   0.0 
 21 2018 05 23 16 09 19  1.6900  0.0131  0.0000  26.7  25.8   0.0 
 21 2018 05 23 16 09 20  2.2963  0.5538  0.0000  27.5  25.4   0.0 
 21 2018 05 23 16 09 21  2.1125  0.4577  0.0000  26.2  24.9   0.0 
 21 2018 05 23 16 09 22  2.1033  0.1516  0.0000  27.9  26.2   0.0 
 21 2018 05 23 16 09 23  2.0085  0.3957  0.0000  27.5  24.9   0.0 
 21 2018 05 23 16 09 24  2.0869  0.4085  0.0000  28.4  27.1   0.0 
 21 2018 05 23 16 09 25  2.5128  0.2844  0.0000  26.2  25.4   0.0 
 21 2018 05 23 16 09 26  2.3186  0.2290  0.0000  28.4  26.7   0.0 
 21 2018 05 23 16 09 27  0.4124  0.1811  0.0000  26.2  26.7   0.0 
 21 2018 05 23 16 09 28  2.5620  0.1631  0.0000  27.5  25.4   0.0 
 21 2018 05 23 16 09 29  2.4245  0.2779  0.0000  26.7  25.4   0.0 
 21 2018 05 23 16 09 30  2.3743  0.0538  0.0000  27.1  27.5   0.0 
 22 2018 05 23 16 10 07  2.9111  0.7146  0.0000  26.7  26.2   0.0 
 22 2018 05 23 16 10 08  2.8684  0.4255  0.0000  29.2  27.1   0.0 
 22 2018 05 23 16 10 09  2.3963  0.4701  0.0000  29.7  27.9   0.0 
 22 2018 05 23 16 10 10  1.4199  0.2031  0.0000  29.7  28.8   0.0 
 22 2018 05 23 16 10 11  2.7520 -0.0571  0.0000  27.5  27.1   0.0 
 22 2018 05 23 16 10 12  3.0085 -0.0968  0.0000  27.9  27.5   0.0 
 22 2018 05 23 16 10 13  3.0679  0.4642  0.0000  27.1  27.5   0.0 
 22 2018 05 23 16 10 14  3.1995 -0.0951  0.0000  25.8  25.4   0.0 
 22 2018 05 23 16 10 15  3.7339  0.8235  0.0000  27.1  26.7   0.0 
 22 2018 05 23 16 10 16  2.4373  0.2247  0.0000  27.1  26.2   0.0 
 22 2018 05 23 16 10 17  3.2585  0.1594  0.0000  28.8  27.1   0.0 
 22 2018 05 23 16 10 18  3.3123  0.1686  0.0000  28.8  25.8   0.0 
 22 2018 05 23 16 10 19  3.8881 -0.1424  0.0000  31.0  28.8   0.0 
 22 2018 05 23 16 10 20  3.7352  0.5794  0.0000  27.5  26.2   0.0 
 22 2018 05 23 16 10 21  2.2293 -0.0233  0.0000  27.5  26.7   0.0 
 22 2018 05 23 16 10 22  2.6542 -0.2152  0.0000  27.5  24.9   0.0 
 22 2018 05 23 16 10 23  2.6965 -0.1506  0.0000  27.9  26.2   0.0 
 22 2018 05 23 16 10 24  2.5787  0.3009  0.0000  29.2  27.1   0.0 
 22 2018 05 23 16 10 25  3.2205  0.3898  0.0000  30.5  27.1   0.0 
 22 2018 05 23 16 10 26  3.4416  0.5230  0.0000  28.8  27.5   0.0 
 22 2018 05 23 16 10 27  2.7995 -0.1332  0.0000  28.4  26.7   0.0 
 22 2018 05 23 16 10 28  3.7969  0.0443  0.0000  27.9  25.4   0.0 
 22 2018 05 23 16 10 29  2.6716  0.4856  0.0000  31.0  28.4   0.0 
 22 2018 05 23 16 10 30  3.6854  0.0285  0.0000  27.5  25.4   0.0 
 22 2018 05 23 16 10 31  3.8533  0.2060  0.0000  26.2  24.9   0.0 
 22 2018 05 23 16 10 32  3.5305  0.1362  0.0000  28.8  27.1   0.0 
 22 2018 05 23 16 10 33  2.7871  0.8163  0.0000  29.2  28.4   0.0 
 22 2018 05 23 16 10 34  2.8038  0.1936  0.0000  26.7  26.2   0.0 
 22 2018 05 23 16 10 35  4.2454 -0.0860  0.0000  28.8  28.8   0.0 
 22 2018 05 23 16 10 36  1.3550  0.3133  0.0000  27.5  25.8   0.0 
 22 2018 05 23 16 10 37  3.2221 -0.3904  0.0000  26.2  24.9   0.0 
 22 2018 05 23 16 10 38  4.0502  0.5623  0.0000  27.9  26.2   0.0 
 22 2018 05 23 16 10 39  3.3054  0.1296  0.0000  27.5  26.7   0.0 
 22 2018 05 23 16 10 40  2.8963 -0.0902  0.0000  26.7  25.4   0.0 
 22 2018 05 23 16 10 41  5.3409  1.0650  0.0000  29.2  27.9   0.0 
 22 2018 05 23 16 10 42  3.6447  0.7415  0.0000  28.8  27.1   0.0 
 22 2018 05 23 16 10 43  3.5823  1.1427  0.0000  30.1  27.9   0.0 
 22 2018 05 23 16 10 44  3.5394  0.2690  0.0000  29.2  27.5   0.0 
 22 2018 05 23 16 10 45  3.3081  0.4088  0.0000  28.8  28.4   0.0 
 22 2018 05 23 16 10 46  2.5394 -0.0787  0.0000  29.7  26.7   0.0 
 23 2018 05 23 16 11 28  2.9157  0.3087  0.0000  29.7  28.8   0.0 
 23 2018 05 23 16 11 29  1.7874  0.3950  0.0000  31.0  27.9   0.0 
 23 2018 05 23 16 11 30  3.5427  0.5295  0.0000  29.2  27.1   0.0 
 23 2018 05 23 16 11 31  3.7844  0.2631  0.0000  28.4  27.1   0.0 
 23 2018 05 23 16 11 32  2.7280  0.4495  0.0000  28.4  27.9   0.0 
 23 2018 05 23 16 11 33  2.6296  0.4862  0.0000  28.4  27.9   0.0 
 23 2018 05 23 16 11 34  2.5180  0.1939  0.0000  28.8  27.9   0.0 
 23 2018 05 23 16 11 35  3.0758  0.5876  0.0000  26.7  24.9   0.0 
 23 2018 05 23 16 11 36  1.9455  0.2431  0.0000  28.4  27.9   0.0 
 23 2018 05 23 16 11 37  3.0305 -0.0889  0.0000  28.4  27.5   0.0 
 23 2018 05 23 16 11 38  4.5502  0.1365  0.0000  29.7  27.5   0.0 
 23 2018 05 23 16 11 39  3.3960  0.0791  0.0000  32.3  31.0   0.0 
 23 2018 05 23 16 11 40  4.2149  0.4793  0.0000  31.0  29.2   0.0 
 23 2018 05 23 16 11 41  2.5820  0.8494  0.0000  27.9  24.9   0.0 
 23 2018 05 23 16 11 42  3.4019  0.2129  0.0000  28.8  26.2   0.0 
 23 2018 05 23 16 11 43  2.4285  0.5879  0.0000  27.9  27.1   0.0 
 23 2018 05 23 16 11 44  3.8474 -0.0889  0.0000  29.7  27.1   0.0 
 23 2018 05 23 16 11 45  2.6506  0.8510  0.0000  30.5  29.7   0.0 
 23 2018 05 23 16 11 46  2.7231  0.8084  0.0000  28.8  27.1   0.0 
 23 2018 05 23 16 11 47  3.4695  0.0932  0.0000  29.2  27.5   0.0 
 23 2018 05 23 16 11 48  1.8832  0.6407  0.0000  27.9  24.9   0.0 
 23 2018 05 23 16 11 49  2.4593 -0.4577  0.0000  27.9  25.8   0.0 
 23 2018 05 23 16 11 50  2.4941  0.4852  0.0000  27.9  26.7   0.0 
 23 2018 05 23 16 11 51  3.2520  0.2946  0.0000  28.4  25.4   0.0 
 23 2018 05 23 16 11 52  2.8832  0.9993  0.0000  27.1  23.6   0.0 
 23 2018 05 23 16 11 53  2.4383  0.4882  0.0000  26.7  25.4   0.0 
 23 2018 05 23 16 11 54  3.3635 -0.2133  0.0000  28.4  27.1   0.0 
 23 2018 05 23 16 11 55  2.3652  0.6293  0.0000  30.1  27.5   0.0 
 23 2018 05 23 16 11 56  2.6476  0.3015  0.0000  31.4  29.2   0.0 
 23 2018 05 23 16 11 57  2.1663  0.6273  0.0000  27.9  27.1   0.0 
 23 2018 05 23 16 11 58  2.9505  0.5630  0.0000  29.7  27.9   0.0 
 23 2018 05 23 16 11 59  0.6404  0.9016  0.0000  29.2  28.8   0.0 
 23 2018 05 23 16 12 00  5.0981  0.7874  0.0000  28.4  26.7   0.0 
 23 2018 05 23 16 12 01  2.4495  0.3671  0.0000  30.1  29.7   0.0 
 23 2018 05 23 16 12 02  2.0472  0.3648  0.0000  27.9  25.8   0.0 
 23 2018 05 23 16 12 03  1.7999 -0.4206  0.0000  28.4  27.5   0.0 
 23 2018 05 23 16 12 04  1.8783  0.5417  0.0000  28.4  26.2   0.0 
 23 2018 05 23 16 12 05  2.4810  0.2972  0.0000  27.1  24.9   0.0 
 23 2018 05 23 16 12 06  3.4708  0.1378  0.0000  32.3  31.8   0.0 
 23 2018 05 23 16 12 07  1.2651  0.4760  0.0000  29.7  28.4   0.0 
 24 2018 05 23 16 12 37  2.2621  0.4869  0.0000  27.1  26.7   0.0 
 24 2018 05 23 16 12 38  2.4186  0.3901  0.0000  27.9  26.7   0.0 
 24 2018 05 23 16 12 39  1.6762  0.2940  0.0000  29.7  28.4   0.0 
 24 2018 05 23 16 12 40 -0.5269 -0.6112  0.0000  27.5  27.5   0.0 
 24 2018 05 23 16 12 41  2.8829  0.3474  0.0000  27.5  27.1   0.0 
 24 2018 05 23 16 12 42  2.8140  0.0292  0.0000  27.9  28.4   0.0 
 24 2018 05 23 16 12 43 -0.1083 -0.5046  0.0000  27.5  27.5   0.0 
 24 2018 05 23 16 12 44  1.9078 -0.3432  0.0000  27.1  24.9   0.0 
 24 2018 05 23 16 12 45  3.5354  0.3553  0.0000  25.8  25.4   0.0 
 24 2018 05 23 16 12 46  1.6749 -0.4678  0.0000  27.5  25.8   0.0 
 24 2018 05 23 16 12 47  1.7379  0.4511  0.0000  27.1  24.9   0.0 
 24 2018 05 23 16 12 48  2.2871 -0.5840  0.0000  28.4  27.1   0.0 
 24 2018 05 23 16 12 49  2.0591 -0.0489  0.0000  26.7  25.8   0.0 
 24 2018 05 23 16 12 50  1.3202  0.0741  0.0000  26.7  25.8   0.0 
 24 2018 05 23 16 12 51  0.6181 -0.3251  0.0000  27.5  26.2   0.0 
 24 2018 05 23 16 12 52  1.1798  0.1132  0.0000  27.1  26.7   0.0 
 24 2018 05 23 16 12 53  2.9416 -0.1014  0.0000  26.7  25.4   0.0 
 24 2018 05 23 16 12 54  1.8425 -0.1923  0.0000  26.7  24.9   0.0 
 24 2018 05 23 16 12 55  1.2795 -0.7182  0.0000  26.2  24.9   0.0 
 24 2018 05 23 16 12 56  2.4236  0.0955  0.0000  27.9  26.7   0.0 
 24 2018 05 23 16 12 57  1.7844 -0.1191  0.0000  28.8  27.5   0.0 
 24 2018 05 23 16 12 58  1.9760 -0.1388  0.0000  27.1  26.2   0.0 
 24 2018 05 23 16 12 59  3.4452  0.3274  0.0000  27.1  25.4   0.0 
 24 2018 05 23 16 13 00  2.3501  0.2743  0.0000  26.7  26.2   0.0 
 24 2018 05 23 16 13 01  2.3468  0.1083  0.0000  27.1  27.1   0.0 
 24 2018 05 23 16 13 02  2.2867  0.0459  0.0000  29.2  27.5   0.0 
 24 2018 05 23 16 13 03  1.6742 -0.5922  0.0000  28.4  27.1   0.0 
 24 2018 05 23 16 13 04  1.9154 -0.0135  0.0000  27.1  26.7   0.0 
 24 2018 05 23 16 13 05  1.1539 -0.4783  0.0000  26.7  25.4   0.0 
 24 2018 05 23 16 13 06  1.8514  0.4715  0.0000  27.5  26.7   0.0 
 24 2018 05 23 16 13 07  2.5659  0.6188  0.0000  28.8  27.5   0.0 
 24 2018 05 23 16 13 08  1.8297 -0.1184  0.0000  26.7  26.7   0.0 
 24 2018 05 23 16 13 09  2.2021  0.2313  0.0000  27.1  25.4   0.0 
 24 2018 05 23 16 13 10  2.1821 -0.0236  0.0000  29.2  26.7   0.0 
 24 2018 05 23 16 13 11  1.3091 -0.3802  0.0000  25.4  25.4   0.0 
 24 2018 05 23 16 13 12  1.2300  0.3228  0.0000  26.7  26.2   0.0 
 24 2018 05 23 16 13 13  2.6253  0.2881  0.0000  27.1  26.2   0.0 
 24 2018 05 23 16 13 14  3.1342 -0.3737  0.0000  28.4  27.5   0.0 
 24 2018 05 23 16 13 15  2.4662  0.4465  0.0000  27.5  27.9   0.0 
 24 2018 05 23 16 13 16  1.9035 -0.2927  0.0000  25.8  25.4   0.0 
 25 2018 05 23 16 13 49  2.6864 -0.2900  0.0000  27.9  26.2   0.0 
 25 2018 05 23 16 13 50  1.4213  0.0889  0.0000  27.5  26.2   0.0 
 25 2018 05 23 16 13 51  0.5666  0.3274  0.0000  27.9  26.2   0.0 
 25 2018 05 23 16 13 52  0.8287  0.4170  0.0000  25.8  25.4   0.0 
 25 2018 05 23 16 13 53  1.3737  0.1325  0.0000  26.7  27.5   0.0 
 25 2018 05 23 16 13 54  1.5676  0.0190  0.0000  26.7  24.5   0.0 
 25 2018 05 23 16 13 55  0.9160  0.0679  0.0000  26.7  25.8   0.0 
 25 2018 05 23 16 13 56  1.6552  0.0653  0.0000  25.8  23.2   0.0 
 25 2018 05 23 16 13 57  0.8107  0.5994  0.0000  27.1  26.7   0.0 
 25 2018 05 23 16 13 58  1.4242 -0.0180  0.0000  26.7  24.1   0.0 
 25 2018 05 23 16 13 59  1.3937  0.1070  0.0000  27.1  26.7   0.0 
 25 2018 05 23 16 14 00  1.3976 -0.1280  0.0000  25.4  23.2   0.0 
 25 2018 05 23 16 14 01  0.8642 -0.0889  0.0000  24.9  24.5   0.0 
 25 2018 05 23 16 14 02  1.1260 -0.0066  0.0000  25.8  24.5   0.0 
 25 2018 05 23 16 14 03  1.0988 -0.1640  0.0000  26.2  23.6   0.0 
 25 2018 05 23 16 14 04  1.3235  0.0823  0.0000  27.9  25.4   0.0 
 25 2018 05 23 16 14 05  1.0443  0.1020  0.0000  25.4  23.6   0.0 
 25 2018 05 23 16 14 06  0.7005  0.3842  0.0000  26.2  24.9   0.0 
 25 2018 05 23 16 14 07  0.6841 -0.0531  0.0000  27.1  26.2   0.0 
 25 2018 05 23 16 14 08  1.9324 -0.0636  0.0000  25.8  25.4   0.0 
 25 2018 05 23 16 14 09  1.1358 -0.0295  0.0000  28.8  25.8   0.0 
 25 2018 05 23 16 14 10  1.0659  0.4564  0.0000  29.2  28.4   0.0 
 25 2018 05 23 16 14 11  1.5830 -0.1086  0.0000  25.8  24.9   0.0 
 25 2018 05 23 16 14 12  1.2828  0.1188  0.0000  28.8  27.5   0.0 
 25 2018 05 23 16 14 13  1.3976 -0.0207  0.0000  27.1  24.9   0.0 
 25 2018 05 23 16 14 14  0.6142  0.2644  0.0000  25.4  23.6   0.0 
 25 2018 05 23 16 14 15  1.0443 -0.3041  0.0000  27.1  25.4   0.0 
 25 2018 05 23 16 14 16  0.9170  0.2936  0.0000  27.5  26.2   0.0 
 25 2018 05 23 16 14 17  1.2260 -0.0925  0.0000  27.9  25.4   0.0 
 25 2018 05 23 16 14 18  1.5092  0.0427  0.0000  27.1  25.4   0.0 
 25 2018 05 23 16 14 19  0.7162  0.3163  0.0000  26.2  24.9   0.0 
 25 2018 05 23 16 14 20  1.1516  0.0515  0.0000  27.1  25.8   0.0 
 25 2018 05 23 16 14 21  1.3576  0.0476  0.0000  26.2  24.5   0.0 
 25 2018 05 23 16 14 22  1.6972  0.0299  0.0000  27.9  25.8   0.0 
 25 2018 05 23 16 14 23  1.3638  0.1083  0.0000  27.9  25.8   0.0 
 25 2018 05 23 16 14 24  1.0331  0.1969  0.0000  27.5  26.7   0.0 
 25 2018 05 23 16 14 25  0.9308  0.3632  0.0000  25.4  23.6   0.0 
 25 2018 05 23 16 14 26  1.6850 -0.0738  0.0000  26.2  24.1   0.0 
 25 2018 05 23 16 14 27  0.4386 -0.2789  0.0000  27.1  24.9   0.0 
 25 2018 05 23 16 14 28  1.4364 -0.1732  0.0000  25.8  23.2   0.0 
